    prob  log10(PO)   qval  alpha  fst
1  0.133027 -0.814067 0.856621 0.13922 0.0022106 
2  0.090618 -1.0015 0.90552 0.0024500 0.0011703 
3  0.095219 -0.97782 0.90065 -0.0069221 0.0011482 
4  0.094019 -0.98390 0.90220 -0.0059497 0.0011633 
5  0.094219 -0.98289 0.90201 -0.010310 0.0011477 
6  0.091818 -0.99524 0.90451 0.0068492 0.0011747 
7  0.13383 -0.81106 0.85514 0.13709 0.0021732 
8  0.095019 -0.97883 0.90102 -0.0070038 0.0011436 
9  0.092218 -0.99316 0.90416 -0.0043388 0.0011611 
10  0.085417 -1.0297 0.90825 0.0024457 0.0011649 
11  0.10002 -0.95415 0.88792 0.010967 0.0012085 
12  0.095219 -0.97782 0.90065 -0.0078671 0.0011559 
13  0.092619 -0.99109 0.90380 -0.0035379 0.0011567 
14  0.087017 -1.0209 0.90767 0.00034712 0.0011645 
15  0.090018 -1.0047 0.90590 0.0077633 0.0011830 
16  0.11422 -0.88957 0.86436 0.048342 0.0014527 
17  0.088618 -1.0122 0.90684 0.0023084 0.0011572 
18  0.081416 -1.0524 0.90893 0.0027503 0.0011591 
19  0.088818 -1.0111 0.90671 0.0016067 0.0011610 
20  0.089818 -1.0058 0.90606 0.00095832 0.0011712 
21  0.095419 -0.97681 0.90029 -0.0020110 0.0011665 
22  0.084417 -1.0353 0.90846 -0.0067372 0.0011419 
23  0.092619 -0.99109 0.90380 0.0015587 0.0011668 
24  0.090618 -1.0015 0.90552 0.00075921 0.0011612 
25  0.094219 -0.98289 0.90201 -0.0038000 0.0011611 
26  0.088018 -1.0154 0.90722 -0.0018442 0.0011587 
27  0.085417 -1.0297 0.90825 0.0033994 0.0011581 
28  0.088418 -1.0133 0.90696 -0.0056295 0.0011539 
29  0.091418 -0.99733 0.90486 -0.0038360 0.0011658 
30  0.089618 -1.0068 0.90619 -0.0085797 0.0011479 
31  0.098220 -0.96290 0.89439 0.00043531 0.0011700 
32  0.090618 -1.0015 0.90552 0.0020719 0.0011756 
33  0.095819 -0.97480 0.89938 0.0043155 0.0011884 
34  0.086417 -1.0241 0.90792 0.0034247 0.0011593 
35  0.093219 -0.98800 0.90313 0.0014465 0.0011686 
36  0.094619 -0.98085 0.90152 -0.0059068 0.0011457 
37  0.090218 -1.0036 0.90576 -0.0041522 0.0011546 
38  0.091418 -0.99733 0.90486 0.0020808 0.0011568 
39  0.091218 -0.99838 0.90506 0.00068130 0.0011609 
40  0.085217 -1.0308 0.90829 -0.0020419 0.0011526 
41  0.094819 -0.97984 0.90133 0.0043004 0.0011708 
42  0.090018 -1.0047 0.90590 0.0066286 0.0011619 
43  0.092018 -0.99420 0.90432 -0.00052635 0.0011640 
44  0.083417 -1.0409 0.90873 0.0016619 0.0011669 
45  0.096819 -0.96981 0.89774 0.015836 0.0012116 
46  0.086017 -1.0264 0.90804 0.0044145 0.0011790 
47  0.10962 -0.90968 0.86775 0.047226 0.0014084 
48  0.10102 -0.94934 0.88448 0.021024 0.0012389 
49  0.097019 -0.96882 0.89724 0.010054 0.0012052 
50  0.096619 -0.97081 0.89800 0.00040285 0.0011581 
51  0.099220 -0.95802 0.89079 0.027536 0.0012757 
52  0.095219 -0.97782 0.90065 -0.0028766 0.0011597 
53  0.085817 -1.0275 0.90812 -0.0037091 0.0011564 
54  0.091018 -0.99943 0.90526 0.023107 0.0012572 
55  0.082817 -1.0443 0.90879 0.0015686 0.0011550 
56  0.10342 -0.93798 0.87361 0.011450 0.0012252 
57  0.093819 -0.98493 0.90243 0.011938 0.0012129 
58  0.088818 -1.0111 0.90671 0.00035776 0.0011620 
59  0.087017 -1.0209 0.90767 -0.0079123 0.0011338 
60  0.085617 -1.0286 0.90819 -0.0018210 0.0011547 
61  0.094619 -0.98085 0.90152 0.0019086 0.0011792 
62  0.094819 -0.97984 0.90133 -0.0073626 0.0011598 
63  0.094019 -0.98390 0.90220 0.0048816 0.0011668 
64  0.088818 -1.0111 0.90671 -0.0042484 0.0011402 
65  0.090618 -1.0015 0.90552 -0.0069066 0.0011523 
66  0.087417 -1.0187 0.90751 -0.0022643 0.0011578 
67  0.090618 -1.0015 0.90552 -0.00052340 0.0011603 
68  0.084217 -1.0364 0.90852 -0.0064520 0.0011432 
69  0.083617 -1.0398 0.90868 -0.00074294 0.0011557 
70  0.092619 -0.99109 0.90380 -0.00064778 0.0011649 
71  0.089218 -1.0090 0.90647 -0.00011245 0.0011716 
72  0.088818 -1.0111 0.90671 0.00079375 0.0011530 
73  0.091818 -0.99524 0.90451 -0.0048686 0.0011573 
74  0.098220 -0.96290 0.89439 0.0058446 0.0011912 
75  0.090218 -1.0036 0.90576 -0.0032828 0.0011597 
76  0.086417 -1.0241 0.90792 -0.0045862 0.0011508 
77  0.087217 -1.0198 0.90760 -0.010109 0.0011401 
78  0.085817 -1.0275 0.90812 -0.0017165 0.0011541 
79  0.096019 -0.97380 0.89909 -0.0029097 0.0011620 
80  0.088018 -1.0154 0.90722 -0.0081692 0.0011365 
81  0.095619 -0.97581 0.89988 -0.0031589 0.0011640 
82  0.091818 -0.99524 0.90451 -0.0060920 0.0011421 
83  0.090018 -1.0047 0.90590 0.00022709 0.0011502 
84  0.093219 -0.98800 0.90313 -0.0020149 0.0011518 
85  0.086017 -1.0264 0.90804 0.0071353 0.0011712 
86  0.091218 -0.99838 0.90506 -0.0055892 0.0011558 
87  0.092819 -0.99006 0.90349 0.0027367 0.0011667 
88  0.096819 -0.96981 0.89774 0.0026440 0.0011774 
89  0.091218 -0.99838 0.90506 -0.00038812 0.0011588 
90  0.089618 -1.0068 0.90619 -0.0040699 0.0011631 
91  0.093019 -0.98903 0.90327 -0.0025017 0.0011415 
92  0.091218 -0.99838 0.90506 -0.0030833 0.0011549 
93  0.090218 -1.0036 0.90576 0.00045489 0.0011635 
94  0.088618 -1.0122 0.90684 -0.00071280 0.0011651 
95  0.089818 -1.0058 0.90606 -0.00076883 0.0011617 
96  0.093819 -0.98493 0.90243 0.0041918 0.0011727 
97  0.088218 -1.0143 0.90709 -0.00098859 0.0011517 
98  0.086617 -1.0230 0.90785 -0.0047768 0.0011499 
99  0.093619 -0.98595 0.90276 0.0026369 0.0011764 
100  0.084217 -1.0364 0.90852 0.0013694 0.0011684 
101  0.089018 -1.0100 0.90658 -0.0053388 0.0011567 
102  0.085217 -1.0308 0.90829 0.0027355 0.0011658 
103  0.092218 -0.99316 0.90416 -0.0059295 0.0011535 
104  0.094419 -0.98187 0.90180 0.0080184 0.0011911 
105  0.082016 -1.0489 0.90886 -0.010972 0.0011452 
106  0.092619 -0.99109 0.90380 0.0029278 0.0011796 
107  0.088218 -1.0143 0.90709 -0.0037709 0.0011514 
108  0.088418 -1.0133 0.90696 -0.0053880 0.0011487 
109  0.089218 -1.0090 0.90647 -0.0086823 0.0011396 
110  0.094019 -0.98390 0.90220 -0.00082530 0.0011675 
111  0.091418 -0.99733 0.90486 -0.0039958 0.0011495 
112  0.082216 -1.0478 0.90884 -0.0053945 0.0011444 
113  0.088218 -1.0143 0.90709 0.0015166 0.0011605 
114  0.085617 -1.0286 0.90819 -0.0050425 0.0011498 
115  0.086417 -1.0241 0.90792 -0.0027797 0.0011480 
116  0.088818 -1.0111 0.90671 -0.0058419 0.0011456 
117  0.092018 -0.99420 0.90432 -0.00071921 0.0011592 
118  0.096219 -0.97280 0.89863 -0.0051306 0.0011608 
119  0.087818 -1.0165 0.90731 -0.0025021 0.0011567 
120  0.10202 -0.94458 0.88141 -0.0030008 0.0011659 
121  0.094819 -0.97984 0.90133 -0.0090145 0.0011449 
122  0.088418 -1.0133 0.90696 0.012288 0.0011883 
123  0.091018 -0.99943 0.90526 -0.0012224 0.0011790 
124  0.095619 -0.97581 0.89988 0.025583 0.0012624 
125  0.093219 -0.98800 0.90313 -0.00085272 0.0011620 
126  0.089418 -1.0079 0.90633 0.0038702 0.0011611 
127  0.090818 -1.0005 0.90540 -0.0053164 0.0011545 
128  0.093619 -0.98595 0.90276 0.0022992 0.0011638 
129  0.093619 -0.98595 0.90276 0.0027433 0.0011693 
130  0.084217 -1.0364 0.90852 0.0040551 0.0011739 
131  0.095019 -0.97883 0.90102 0.0051661 0.0011677 
132  0.099820 -0.95511 0.88870 -0.0059617 0.0011607 
133  0.091418 -0.99733 0.90486 0.0072320 0.0011843 
134  0.091018 -0.99943 0.90526 -0.0014504 0.0011611 
135  0.094419 -0.98187 0.90180 0.010174 0.0011858 
136  0.077816 -1.0738 0.90905 -0.0068055 0.0011351 
137  0.089618 -1.0068 0.90619 -0.0041517 0.0011561 
138  0.096019 -0.97380 0.89909 0.0024967 0.0011666 
139  0.096419 -0.97180 0.89838 -0.0058557 0.0011501 
140  0.089818 -1.0058 0.90606 -0.0046718 0.0011522 
141  0.092418 -0.99213 0.90400 -0.0015810 0.0011502 
142  0.088618 -1.0122 0.90684 -0.0027258 0.0011471 
143  0.087017 -1.0209 0.90767 -0.0064094 0.0011368 
144  0.085617 -1.0286 0.90819 -0.0048291 0.0011437 
145  0.092218 -0.99316 0.90416 -0.0021799 0.0011582 
146  0.083817 -1.0387 0.90862 -0.0085293 0.0011475 
147  0.084017 -1.0375 0.90858 0.0034639 0.0011539 
148  0.092018 -0.99420 0.90432 -0.0077828 0.0011477 
149  0.086617 -1.0230 0.90785 0.0021695 0.0011662 
150  0.088018 -1.0154 0.90722 -0.0019266 0.0011528 
151  0.095819 -0.97480 0.89938 -0.00058814 0.0011651 
152  0.090018 -1.0047 0.90590 -0.0010923 0.0011680 
153  0.095219 -0.97782 0.90065 -0.0035577 0.0011496 
154  0.086817 -1.0220 0.90776 -0.0070497 0.0011460 
155  0.088818 -1.0111 0.90671 0.0050587 0.0011656 
156  0.092819 -0.99006 0.90349 0.0046709 0.0011648 
157  0.088818 -1.0111 0.90671 0.0082430 0.0011726 
158  0.088418 -1.0133 0.90696 -0.0020519 0.0011538 
159  0.081816 -1.0501 0.90890 -0.0023971 0.0011563 
160  0.094819 -0.97984 0.90133 -0.0040359 0.0011604 
161  0.092018 -0.99420 0.90432 -0.0089621 0.0011488 
162  0.094219 -0.98289 0.90201 -0.0057671 0.0011505 
163  0.099220 -0.95802 0.89079 0.0060173 0.0011726 
164  0.084017 -1.0375 0.90858 0.0013019 0.0011622 
165  0.089218 -1.0090 0.90647 -0.0069054 0.0011496 
166  0.085817 -1.0275 0.90812 -0.0071126 0.0011484 
167  0.093819 -0.98493 0.90243 -0.0025242 0.0011552 
168  0.091218 -0.99838 0.90506 -0.0046109 0.0011651 
169  0.079816 -1.0618 0.90902 -0.0034957 0.0011559 
170  0.084617 -1.0341 0.90844 -0.0061533 0.0011474 
171  0.085217 -1.0308 0.90829 -0.0031367 0.0011584 
172  0.097620 -0.96585 0.89561 0.0042421 0.0011747 
173  0.092619 -0.99109 0.90380 -0.0015705 0.0011698 
174  0.095019 -0.97883 0.90102 -0.00063309 0.0011689 
175  0.096419 -0.97180 0.89838 -0.0028781 0.0011582 
176  0.088018 -1.0154 0.90722 -0.0015156 0.0011572 
177  0.089018 -1.0100 0.90658 -0.0030859 0.0011501 
178  0.088218 -1.0143 0.90709 -0.0061486 0.0011484 
179  0.096819 -0.96981 0.89774 -0.0083196 0.0011559 
180  0.087818 -1.0165 0.90731 -0.012251 0.0011330 
181  0.085817 -1.0275 0.90812 -0.0013226 0.0011508 
182  0.094019 -0.98390 0.90220 -0.010042 0.0011448 
183  0.087618 -1.0176 0.90740 -0.0070428 0.0011557 
184  0.092418 -0.99213 0.90400 0.0040940 0.0011676 
185  0.090218 -1.0036 0.90576 0.0071280 0.0011679 
186  0.092218 -0.99316 0.90416 -0.0021283 0.0011633 
187  0.089218 -1.0090 0.90647 -0.0055667 0.0011516 
188  0.087818 -1.0165 0.90731 -0.0083529 0.0011539 
189  0.092819 -0.99006 0.90349 -0.015472 0.0011372 
190  0.090618 -1.0015 0.90552 0.0023248 0.0011628 
191  0.093619 -0.98595 0.90276 -0.0026774 0.0011513 
192  0.089818 -1.0058 0.90606 0.00042468 0.0011616 
193  0.088618 -1.0122 0.90684 0.0051607 0.0011740 
194  0.092619 -0.99109 0.90380 -0.00096347 0.0011634 
195  0.092018 -0.99420 0.90432 -0.0073116 0.0011513 
196  0.088218 -1.0143 0.90709 0.0036158 0.0011559 
197  0.093019 -0.98903 0.90327 -0.0048916 0.0011707 
198  0.086217 -1.0252 0.90798 -0.0028142 0.0011626 
199  0.085617 -1.0286 0.90819 0.0024206 0.0011554 
200  0.086817 -1.0220 0.90776 -0.0028662 0.0011572 
201  0.091218 -0.99838 0.90506 -0.0013043 0.0011591 
202  0.093619 -0.98595 0.90276 0.0077804 0.0011826 
203  0.095819 -0.97480 0.89938 0.014424 0.0012248 
204  0.086817 -1.0220 0.90776 -0.0027862 0.0011509 
205  0.091618 -0.99629 0.90465 -0.0054545 0.0011583 
206  0.096019 -0.97380 0.89909 -0.0024698 0.0011618 
207  0.090418 -1.0026 0.90563 -0.0067250 0.0011439 
208  0.091218 -0.99838 0.90506 -0.010399 0.0011414 
209  0.093219 -0.98800 0.90313 -0.0021456 0.0011598 
210  0.086817 -1.0220 0.90776 -0.0044838 0.0011438 
211  0.085217 -1.0308 0.90829 -0.0035125 0.0011669 
212  0.092218 -0.99316 0.90416 -0.0014481 0.0011594 
213  0.089018 -1.0100 0.90658 0.00058733 0.0011669 
214  0.089018 -1.0100 0.90658 -0.0032014 0.0011456 
215  0.095619 -0.97581 0.89988 -0.0071056 0.0011511 
216  0.093419 -0.98697 0.90293 -0.0066222 0.0011440 
217  0.097019 -0.96882 0.89724 -0.0022476 0.0011603 
218  0.090618 -1.0015 0.90552 0.0029509 0.0011644 
219  0.084217 -1.0364 0.90852 -0.0062672 0.0011507 
220  0.097219 -0.96783 0.89667 0.0013171 0.0011793 
221  0.089218 -1.0090 0.90647 -0.0040678 0.0011516 
222  0.085417 -1.0297 0.90825 -0.0028262 0.0011589 
223  0.090618 -1.0015 0.90552 -0.0066728 0.0011490 
224  0.092418 -0.99213 0.90400 -0.0099721 0.0011663 
225  0.10082 -0.95030 0.88529 -0.0061901 0.0011562 
226  0.084817 -1.0330 0.90840 -0.0033793 0.0011482 
227  0.095219 -0.97782 0.90065 -0.0099032 0.0011395 
228  0.088418 -1.0133 0.90696 -0.0085490 0.0011487 
229  0.088618 -1.0122 0.90684 -0.0074426 0.0011491 
230  0.084417 -1.0353 0.90846 -0.0028157 0.0011527 
231  0.092018 -0.99420 0.90432 0.00077450 0.0011592 
232  0.090218 -1.0036 0.90576 0.0040829 0.0011692 
233  0.094419 -0.98187 0.90180 -0.0061749 0.0011474 
234  0.089818 -1.0058 0.90606 0.0027994 0.0011642 
235  0.091218 -0.99838 0.90506 -0.0052051 0.0011422 
236  0.085617 -1.0286 0.90819 0.0039903 0.0011756 
237  0.092619 -0.99109 0.90380 -0.00059462 0.0011623 
238  0.091218 -0.99838 0.90506 0.00091723 0.0011762 
239  0.093619 -0.98595 0.90276 0.0047764 0.0011750 
240  0.088218 -1.0143 0.90709 0.0052365 0.0011805 
241  0.079816 -1.0618 0.90902 0.0030590 0.0011509 
242  0.086217 -1.0252 0.90798 -0.0027174 0.0011511 
243  0.094819 -0.97984 0.90133 -0.0023398 0.0011626 
244  0.087217 -1.0198 0.90760 -0.0059261 0.0011460 
245  0.093819 -0.98493 0.90243 -0.0024381 0.0011590 
246  0.087618 -1.0176 0.90740 0.0039365 0.0011689 
247  0.089618 -1.0068 0.90619 -0.0024623 0.0011600 
248  0.092018 -0.99420 0.90432 -0.0051190 0.0011508 
249  0.13383 -0.81106 0.85514 0.13617 0.0021217 
250  0.094219 -0.98289 0.90201 0.016523 0.0012041 
251  0.096419 -0.97180 0.89838 -0.010256 0.0011486 
252  0.089218 -1.0090 0.90647 -0.0020575 0.0011640 
253  0.088818 -1.0111 0.90671 9.6867e-05 0.0011655 
254  0.092619 -0.99109 0.90380 0.0044473 0.0011745 
255  0.090218 -1.0036 0.90576 0.0035857 0.0011673 
256  0.087017 -1.0209 0.90767 -0.0013935 0.0011517 
257  0.091618 -0.99629 0.90465 -0.0052489 0.0011480 
258  0.099820 -0.95511 0.88870 0.0013827 0.0011775 
259  0.093819 -0.98493 0.90243 0.0018828 0.0011725 
260  0.087217 -1.0198 0.90760 0.0035265 0.0011684 
261  0.087618 -1.0176 0.90740 -0.0054147 0.0011506 
262  0.093619 -0.98595 0.90276 0.0055956 0.0011811 
263  0.097820 -0.96487 0.89526 0.00082501 0.0011845 
264  0.087417 -1.0187 0.90751 0.020928 0.0012222 
265  0.15103 -0.74983 0.83447 0.18842 0.0027395 
266  0.12683 -0.83789 0.85846 0.11155 0.0019847 
267  0.085817 -1.0275 0.90812 0.0091433 0.0011806 
268  0.091818 -0.99524 0.90451 0.0040229 0.0011732 
269  0.10122 -0.94839 0.88357 0.025936 0.0012599 
270  0.099620 -0.95608 0.88940 0.024364 0.0012501 
271  0.18004 -0.65844 0.81996 0.29613 0.0040989 
272  0.089018 -1.0100 0.90658 0.00022326 0.0011666 
273  0.091418 -0.99733 0.90486 -0.0045804 0.0011606 
274  0.10102 -0.94934 0.88448 0.027886 0.0012643 
275  0.099620 -0.95608 0.88940 0.022686 0.0012790 
276  0.10142 -0.94743 0.88256 0.028931 0.0012960 
277  0.12503 -0.84500 0.86132 0.088705 0.0017201 
278  0.11082 -0.90436 0.86613 0.044196 0.0013660 
279  0.092218 -0.99316 0.90416 -0.010585 0.0011452 
280  0.089218 -1.0090 0.90647 -0.0042952 0.0011515 
281  0.091418 -0.99733 0.90486 0.0046059 0.0011773 
282  0.095019 -0.97883 0.90102 0.0047540 0.0011756 
283  0.088618 -1.0122 0.90684 0.00082098 0.0011547 
284  0.097419 -0.96684 0.89623 0.00065686 0.0011688 
285  0.091618 -0.99629 0.90465 0.0079159 0.0011689 
286  0.10002 -0.95415 0.88792 -0.0027555 0.0011539 
287  0.086017 -1.0264 0.90804 -0.00082646 0.0011651 
288  0.092819 -0.99006 0.90349 -0.0019489 0.0011578 
289  0.088618 -1.0122 0.90684 0.00014306 0.0011720 
290  0.098620 -0.96094 0.89296 -0.0019247 0.0011625 
291  0.088818 -1.0111 0.90671 -0.0018810 0.0011634 
292  0.090018 -1.0047 0.90590 -0.0071634 0.0011559 
293  0.095619 -0.97581 0.89988 -0.0057642 0.0011725 
294  0.092018 -0.99420 0.90432 -0.0039894 0.0011549 
295  0.090418 -1.0026 0.90563 -0.0033308 0.0011581 
296  0.089818 -1.0058 0.90606 0.0017028 0.0011505 
297  0.091618 -0.99629 0.90465 -0.0040678 0.0011573 
298  0.088018 -1.0154 0.90722 -9.7228e-06 0.0011712 
299  0.089018 -1.0100 0.90658 -0.0032045 0.0011569 
300  0.091018 -0.99943 0.90526 0.0018750 0.0011707 
301  0.099420 -0.95705 0.89003 -0.0031086 0.0011574 
302  0.091018 -0.99943 0.90526 -0.0094251 0.0011474 
303  0.091418 -0.99733 0.90486 0.0086993 0.0011801 
304  0.10202 -0.94458 0.88141 0.0097288 0.0012077 
305  0.093819 -0.98493 0.90243 -0.0055613 0.0011513 
306  0.087417 -1.0187 0.90751 -0.0055454 0.0011587 
307  0.091818 -0.99524 0.90451 0.0030101 0.0011773 
308  0.091218 -0.99838 0.90506 -0.0027491 0.0011588 
309  0.098220 -0.96290 0.89439 0.0036660 0.0011787 
310  0.095019 -0.97883 0.90102 0.0013811 0.0011687 
311  0.10062 -0.95126 0.88604 -0.0085545 0.0011540 
312  0.098020 -0.96388 0.89488 -0.014664 0.0011466 
313  0.089018 -1.0100 0.90658 -1.4797e-05 0.0011586 
314  0.083617 -1.0398 0.90868 0.0041507 0.0011496 
315  0.090018 -1.0047 0.90590 0.0018989 0.0011667 
316  0.089418 -1.0079 0.90633 -0.00033519 0.0011622 
317  0.094819 -0.97984 0.90133 -0.0034741 0.0011626 
318  0.089018 -1.0100 0.90658 -0.00052281 0.0011679 
319  0.093619 -0.98595 0.90276 -0.0029636 0.0011621 
320  0.085017 -1.0319 0.90834 -0.0048693 0.0011472 
321  0.088018 -1.0154 0.90722 0.012316 0.0011987 
322  0.092619 -0.99109 0.90380 0.0051042 0.0011663 
323  0.080216 -1.0594 0.90900 0.0031384 0.0011662 
324  0.094619 -0.98085 0.90152 -0.0048730 0.0011589 
325  0.087818 -1.0165 0.90731 -0.00043118 0.0011582 
326  0.089218 -1.0090 0.90647 -0.0028025 0.0011593 
327  0.090418 -1.0026 0.90563 0.0020822 0.0011730 
328  0.088618 -1.0122 0.90684 -0.0017912 0.0011462 
329  0.088618 -1.0122 0.90684 0.0064859 0.0011664 
330  0.086217 -1.0252 0.90798 0.0019526 0.0011593 
331  0.094419 -0.98187 0.90180 -0.0027507 0.0011571 
332  0.092018 -0.99420 0.90432 -0.0031705 0.0011444 
333  0.089418 -1.0079 0.90633 0.0046107 0.0011734 
334  0.083617 -1.0398 0.90868 -0.0019198 0.0011588 
335  0.098220 -0.96290 0.89439 -0.00097235 0.0011716 
336  0.091418 -0.99733 0.90486 -0.0069280 0.0011459 
337  0.094619 -0.98085 0.90152 0.010662 0.0012081 
338  0.086417 -1.0241 0.90792 0.0047203 0.0011773 
339  0.094819 -0.97984 0.90133 0.017096 0.0012181 
340  0.091418 -0.99733 0.90486 0.0013099 0.0011768 
341  0.094019 -0.98390 0.90220 0.00067807 0.0011610 
342  0.090618 -1.0015 0.90552 -0.0034148 0.0011516 
343  0.090618 -1.0015 0.90552 0.0031454 0.0011695 
344  0.10202 -0.94458 0.88141 0.042281 0.0013702 
345  0.13443 -0.80882 0.84697 0.13830 0.0021675 
346  0.094419 -0.98187 0.90180 0.0017073 0.0011661 
347  0.090618 -1.0015 0.90552 0.0011420 0.0011620 
348  0.090618 -1.0015 0.90552 0.0015916 0.0011607 
349  0.082617 -1.0455 0.90880 0.00090775 0.0011696 
350  0.093019 -0.98903 0.90327 -0.0037411 0.0011534 
351  0.088418 -1.0133 0.90696 -0.0012800 0.0011663 
352  0.086217 -1.0252 0.90798 -0.0031871 0.0011624 
353  0.092218 -0.99316 0.90416 -0.0069682 0.0011524 
354  0.089618 -1.0068 0.90619 -0.0030318 0.0011488 
355  0.095419 -0.97681 0.90029 -0.0089559 0.0011447 
356  0.079216 -1.0653 0.90903 -0.0046952 0.0011442 
357  0.097019 -0.96882 0.89724 -0.0047219 0.0011514 
358  0.087818 -1.0165 0.90731 0.0064897 0.0011682 
359  0.089218 -1.0090 0.90647 0.0043850 0.0011630 
360  0.094819 -0.97984 0.90133 -0.0024299 0.0011572 
361  0.078216 -1.0713 0.90905 -0.0046381 0.0011378 
362  0.091618 -0.99629 0.90465 -0.00087631 0.0011578 
363  0.092619 -0.99109 0.90380 0.00064458 0.0011649 
364  0.096819 -0.96981 0.89774 0.0048159 0.0011909 
365  0.091418 -0.99733 0.90486 0.0076027 0.0011949 
366  0.10202 -0.94458 0.88141 -0.0055595 0.0011586 
367  0.095619 -0.97581 0.89988 0.0018191 0.0011899 
368  0.089818 -1.0058 0.90606 0.0014953 0.0011687 
369  0.088018 -1.0154 0.90722 0.00078486 0.0011690 
370  0.093619 -0.98595 0.90276 -0.0013670 0.0011593 
371  0.097219 -0.96783 0.89667 -0.0085468 0.0011461 
372  0.089418 -1.0079 0.90633 0.0033956 0.0011611 
373  0.095019 -0.97883 0.90102 -0.0061547 0.0011540 
374  0.088618 -1.0122 0.90684 -2.6338e-05 0.0011566 
375  0.087818 -1.0165 0.90731 0.0045480 0.0011651 
376  0.085017 -1.0319 0.90834 -0.00033648 0.0011588 
377  0.084017 -1.0375 0.90858 -0.0038554 0.0011493 
378  0.094219 -0.98289 0.90201 -0.0013517 0.0011751 
379  0.087417 -1.0187 0.90751 -0.0029018 0.0011532 
380  0.089218 -1.0090 0.90647 -0.00079521 0.0011625 
381  0.089818 -1.0058 0.90606 0.0013163 0.0011535 
382  0.098020 -0.96388 0.89488 0.0041638 0.0011919 
383  0.082817 -1.0443 0.90879 -0.0024519 0.0011539 
384  0.088218 -1.0143 0.90709 -0.0019676 0.0011656 
385  0.094619 -0.98085 0.90152 0.00050915 0.0011626 
386  0.085417 -1.0297 0.90825 -0.00059903 0.0011528 
387  0.083817 -1.0387 0.90862 -0.0025672 0.0011485 
388  0.084017 -1.0375 0.90858 0.0067689 0.0011676 
389  0.092018 -0.99420 0.90432 -0.0023960 0.0011565 
390  0.092418 -0.99213 0.90400 -0.0073546 0.0011471 
391  0.091018 -0.99943 0.90526 0.0059332 0.0011795 
392  0.088018 -1.0154 0.90722 -0.0087800 0.0011562 
393  0.099020 -0.95899 0.89130 -0.0010009 0.0011677 
394  0.092619 -0.99109 0.90380 -0.0092295 0.0011352 
395  0.092418 -0.99213 0.90400 -0.0018316 0.0011558 
396  0.087017 -1.0209 0.90767 -0.0078854 0.0011446 
397  0.082416 -1.0466 0.90883 0.0081866 0.0011734 
398  0.079816 -1.0618 0.90902 0.00059152 0.0011491 
399  0.088218 -1.0143 0.90709 0.0071493 0.0011700 
400  0.090818 -1.0005 0.90540 0.00044197 0.0011597 
401  0.086617 -1.0230 0.90785 -0.0016373 0.0011638 
402  0.097019 -0.96882 0.89724 -0.0012857 0.0011580 
403  0.097219 -0.96783 0.89667 0.0026627 0.0011746 
404  0.092418 -0.99213 0.90400 -0.0051903 0.0011507 
405  0.096019 -0.97380 0.89909 -0.0021484 0.0011619 
406  0.095219 -0.97782 0.90065 -0.0065731 0.0011546 
407  0.091018 -0.99943 0.90526 0.0015360 0.0011716 
408  0.091418 -0.99733 0.90486 0.00081738 0.0011664 
409  0.094019 -0.98390 0.90220 -0.0019664 0.0011608 
410  0.094219 -0.98289 0.90201 -0.0055876 0.0011541 
411  0.088218 -1.0143 0.90709 -0.0026045 0.0011475 
412  0.096419 -0.97180 0.89838 -0.0043995 0.0011790 
413  0.095019 -0.97883 0.90102 -0.0050106 0.0011620 
414  0.093819 -0.98493 0.90243 0.0013225 0.0011589 
415  0.092418 -0.99213 0.90400 -0.00049328 0.0011667 
416  0.087417 -1.0187 0.90751 0.00036960 0.0011621 
417  0.090818 -1.0005 0.90540 -0.0016056 0.0011563 
418  0.090018 -1.0047 0.90590 -0.0016748 0.0011566 
419  0.090218 -1.0036 0.90576 -0.0081033 0.0011489 
420  0.089018 -1.0100 0.90658 -0.0015515 0.0011639 
421  0.095419 -0.97681 0.90029 0.0014386 0.0011694 
422  0.086417 -1.0241 0.90792 0.00083091 0.0011524 
423  0.10382 -0.93611 0.87090 0.038790 0.0013604 
424  0.093419 -0.98697 0.90293 8.1023e-05 0.0011707 
425  0.091818 -0.99524 0.90451 -0.0029399 0.0011629 
426  0.088618 -1.0122 0.90684 -0.0045237 0.0011504 
427  0.081016 -1.0547 0.90896 -0.0089791 0.0011347 
428  0.091018 -0.99943 0.90526 0.0046201 0.0011615 
429  0.093819 -0.98493 0.90243 0.00033169 0.0011700 
430  0.091018 -0.99943 0.90526 0.0035743 0.0011736 
431  0.092418 -0.99213 0.90400 -0.0066013 0.0011403 
432  0.092418 -0.99213 0.90400 -0.0066961 0.0011463 
433  0.095619 -0.97581 0.89988 0.0049330 0.0011781 
434  0.090418 -1.0026 0.90563 0.00014973 0.0011653 
435  0.096619 -0.97081 0.89800 -0.0029939 0.0011697 
436  0.087017 -1.0209 0.90767 0.00024400 0.0011655 
437  0.095019 -0.97883 0.90102 -0.0039815 0.0011549 
438  0.084217 -1.0364 0.90852 -0.0053667 0.0011494 
439  0.093219 -0.98800 0.90313 0.00041652 0.0011709 
440  0.089418 -1.0079 0.90633 -0.0027035 0.0011583 
441  0.086017 -1.0264 0.90804 0.00032956 0.0011644 
442  0.091218 -0.99838 0.90506 -0.0024722 0.0011495 
443  0.089418 -1.0079 0.90633 -0.0021059 0.0011591 
444  0.091818 -0.99524 0.90451 0.0019191 0.0011598 
445  0.091418 -0.99733 0.90486 0.0062095 0.0011775 
446  0.088218 -1.0143 0.90709 -0.00067381 0.0011642 
447  0.089818 -1.0058 0.90606 0.0035753 0.0011608 
448  0.094419 -0.98187 0.90180 -0.0049867 0.0011638 
449  0.086417 -1.0241 0.90792 0.00037729 0.0011559 
450  0.091018 -0.99943 0.90526 0.0025759 0.0011733 
451  0.087618 -1.0176 0.90740 0.0034123 0.0011715 
452  0.096019 -0.97380 0.89909 0.0016180 0.0011664 
453  0.088418 -1.0133 0.90696 -0.0040917 0.0011438 
454  0.089218 -1.0090 0.90647 0.00056424 0.0011618 
455  0.091218 -0.99838 0.90506 0.0049287 0.0011737 
456  0.087417 -1.0187 0.90751 -0.011295 0.0011331 
457  0.091218 -0.99838 0.90506 0.0038117 0.0011737 
458  0.087417 -1.0187 0.90751 0.0020015 0.0011677 
459  0.091818 -0.99524 0.90451 -0.0038938 0.0011503 
460  0.091818 -0.99524 0.90451 0.0017420 0.0011703 
461  0.089818 -1.0058 0.90606 -0.0075081 0.0011465 
462  0.090818 -1.0005 0.90540 -0.00019720 0.0011672 
463  0.093419 -0.98697 0.90293 0.0012801 0.0011693 
464  0.094019 -0.98390 0.90220 0.0059215 0.0011717 
465  0.084217 -1.0364 0.90852 -0.0033499 0.0011474 
466  0.092619 -0.99109 0.90380 -0.0048642 0.0011482 
467  0.087217 -1.0198 0.90760 -0.0053388 0.0011442 
468  0.098820 -0.95997 0.89233 0.0034918 0.0011725 
469  0.086217 -1.0252 0.90798 0.0014693 0.0011661 
470  0.094219 -0.98289 0.90201 -0.0044767 0.0011571 
471  0.093019 -0.98903 0.90327 0.0043205 0.0011679 
472  0.091818 -0.99524 0.90451 -0.0045149 0.0011467 
473  0.088418 -1.0133 0.90696 0.0060993 0.0011747 
474  0.095019 -0.97883 0.90102 0.0017120 0.0011654 
475  0.094819 -0.97984 0.90133 -0.00057180 0.0011722 
476  0.088818 -1.0111 0.90671 -0.0075441 0.0011433 
477  0.094819 -0.97984 0.90133 0.0012455 0.0011546 
478  0.087618 -1.0176 0.90740 -0.0028315 0.0011575 
479  0.096019 -0.97380 0.89909 -0.0057787 0.0011479 
480  0.091218 -0.99838 0.90506 -0.0061015 0.0011487 
481  0.095019 -0.97883 0.90102 -0.0063592 0.0011591 
482  0.094419 -0.98187 0.90180 -0.0034690 0.0011548 
483  0.093019 -0.98903 0.90327 -0.0026670 0.0011615 
484  0.092218 -0.99316 0.90416 0.011345 0.0012072 
485  0.094419 -0.98187 0.90180 -0.0059454 0.0011451 
486  0.083417 -1.0409 0.90873 -0.00037072 0.0011519 
487  0.096419 -0.97180 0.89838 0.0075274 0.0011798 
488  0.089018 -1.0100 0.90658 0.0035968 0.0011604 
489  0.096219 -0.97280 0.89863 -0.0063163 0.0011624 
490  0.089618 -1.0068 0.90619 -0.0042951 0.0011555 
491  0.099420 -0.95705 0.89003 0.012467 0.0011986 
492  0.087818 -1.0165 0.90731 0.00012847 0.0011532 
493  0.079616 -1.0630 0.90903 0.0027060 0.0011526 
494  0.092018 -0.99420 0.90432 -0.00071901 0.0011656 
495  0.091418 -0.99733 0.90486 -0.0069012 0.0011563 
496  0.086817 -1.0220 0.90776 -0.0090480 0.0011506 
497  0.088018 -1.0154 0.90722 -0.0072043 0.0011524 
498  0.085417 -1.0297 0.90825 0.0046003 0.0011621 
499  0.094219 -0.98289 0.90201 -0.0014342 0.0011650 
500  0.088618 -1.0122 0.90684 0.0070074 0.0011716 
501  0.091018 -0.99943 0.90526 0.0044325 0.0011628 
502  0.098820 -0.95997 0.89233 -0.0071586 0.0011615 
503  0.088218 -1.0143 0.90709 0.0043060 0.0011608 
504  0.088218 -1.0143 0.90709 -0.0033045 0.0011501 
505  0.093219 -0.98800 0.90313 -0.0048664 0.0011563 
506  0.087618 -1.0176 0.90740 -0.0043786 0.0011597 
507  0.085617 -1.0286 0.90819 0.0011793 0.0011569 
508  0.090418 -1.0026 0.90563 -0.0051070 0.0011491 
509  0.090018 -1.0047 0.90590 -0.0067423 0.0011552 
510  0.084217 -1.0364 0.90852 -0.0018450 0.0011574 
511  0.095419 -0.97681 0.90029 -0.0055419 0.0011580 
512  0.083017 -1.0432 0.90878 -0.0031964 0.0011411 
513  0.083817 -1.0387 0.90862 -0.0040212 0.0011530 
514  0.095619 -0.97581 0.89988 -0.0079714 0.0011512 
515  0.091218 -0.99838 0.90506 -0.0019128 0.0011586 
516  0.092218 -0.99316 0.90416 -0.00095554 0.0011531 
517  0.097219 -0.96783 0.89667 0.0011349 0.0011676 
518  0.096819 -0.96981 0.89774 -0.0091911 0.0011678 
519  0.090018 -1.0047 0.90590 0.0062994 0.0011797 
520  0.091618 -0.99629 0.90465 -0.0040361 0.0011574 
521  0.092218 -0.99316 0.90416 -0.0013131 0.0011595 
522  0.092018 -0.99420 0.90432 -0.0088227 0.0011592 
523  0.095419 -0.97681 0.90029 0.0056680 0.0012200 
524  0.092218 -0.99316 0.90416 -0.0054197 0.0011531 
525  0.084617 -1.0341 0.90844 -0.0093057 0.0011360 
526  0.093419 -0.98697 0.90293 -0.0020069 0.0011558 
527  0.091418 -0.99733 0.90486 -0.0041888 0.0011640 
528  0.093419 -0.98697 0.90293 0.0027231 0.0011671 
529  0.088018 -1.0154 0.90722 0.010904 0.0011853 
530  0.091018 -0.99943 0.90526 -0.00033098 0.0011490 
531  0.092619 -0.99109 0.90380 -0.0016322 0.0011587 
532  0.086217 -1.0252 0.90798 -0.0044331 0.0011472 
533  0.087017 -1.0209 0.90767 0.0030695 0.0011614 
534  0.091818 -0.99524 0.90451 0.0014278 0.0011653 
535  0.091018 -0.99943 0.90526 -0.0070915 0.0011454 
536  0.090418 -1.0026 0.90563 0.00066190 0.0011570 
537  0.092018 -0.99420 0.90432 0.00060203 0.0011664 
538  0.095419 -0.97681 0.90029 0.0018232 0.0011701 
539  0.084617 -1.0341 0.90844 -0.0060135 0.0011628 
540  0.093219 -0.98800 0.90313 -0.0099871 0.0011313 
541  0.087618 -1.0176 0.90740 -0.0022056 0.0011640 
542  0.085017 -1.0319 0.90834 0.0056786 0.0011643 
543  0.090418 -1.0026 0.90563 -0.0081144 0.0011482 
544  0.091618 -0.99629 0.90465 -0.00077036 0.0011593 
545  0.090218 -1.0036 0.90576 -0.010003 0.0011447 
546  0.083817 -1.0387 0.90862 -0.0024309 0.0011539 
547  0.091418 -0.99733 0.90486 0.0027250 0.0011669 
548  0.089218 -1.0090 0.90647 0.0098655 0.0011809 
549  0.088618 -1.0122 0.90684 -0.011022 0.0011358 
550  0.090218 -1.0036 0.90576 0.0020176 0.0011765 
551  0.090618 -1.0015 0.90552 -0.0019034 0.0011525 
552  0.086617 -1.0230 0.90785 -0.0026306 0.0011545 
553  0.090818 -1.0005 0.90540 -0.0034692 0.0011509 
554  0.087017 -1.0209 0.90767 -0.0013983 0.0011601 
555  0.094219 -0.98289 0.90201 0.0013560 0.0011670 
556  0.088818 -1.0111 0.90671 -0.0025473 0.0011456 
557  0.091018 -0.99943 0.90526 -0.00074213 0.0011699 
558  0.096419 -0.97180 0.89838 0.00039440 0.0011702 
559  0.095819 -0.97480 0.89938 0.0022726 0.0011784 
560  0.088018 -1.0154 0.90722 0.00047873 0.0011593 
561  0.092819 -0.99006 0.90349 0.0051408 0.0011766 
562  0.093419 -0.98697 0.90293 0.0058278 0.0011816 
563  0.090818 -1.0005 0.90540 -0.0076884 0.0011462 
564  0.089818 -1.0058 0.90606 0.0096706 0.0011795 
565  0.088618 -1.0122 0.90684 -0.011130 0.0011391 
566  0.092018 -0.99420 0.90432 -0.0029121 0.0011593 
567  0.085617 -1.0286 0.90819 -0.0046413 0.0011517 
568  0.089418 -1.0079 0.90633 -0.0038759 0.0011576 
569  0.095019 -0.97883 0.90102 0.0018396 0.0011556 
570  0.088018 -1.0154 0.90722 -0.0015493 0.0011612 
571  0.091218 -0.99838 0.90506 -0.00013830 0.0011670 
572  0.084617 -1.0341 0.90844 -0.0035130 0.0011472 
573  0.088218 -1.0143 0.90709 -0.015220 0.0011311 
574  0.087618 -1.0176 0.90740 -0.0032666 0.0011567 
575  0.095419 -0.97681 0.90029 -0.0037432 0.0011629 
576  0.093219 -0.98800 0.90313 0.0046780 0.0011787 
577  0.082416 -1.0466 0.90883 -0.0030744 0.0011377 
578  0.089618 -1.0068 0.90619 -0.0061019 0.0011592 
579  0.090018 -1.0047 0.90590 0.0018686 0.0011633 
580  0.084817 -1.0330 0.90840 -0.0046044 0.0011503 
581  0.093019 -0.98903 0.90327 0.0016726 0.0011660 
582  0.090218 -1.0036 0.90576 -0.00045206 0.0011483 
583  0.091818 -0.99524 0.90451 0.0018499 0.0011725 
584  0.083617 -1.0398 0.90868 -0.00079472 0.0011464 
585  0.089018 -1.0100 0.90658 -0.0039240 0.0011588 
586  0.091818 -0.99524 0.90451 -0.0017307 0.0011624 
587  0.088018 -1.0154 0.90722 -0.0027530 0.0011522 
588  0.096219 -0.97280 0.89863 -0.0041489 0.0011504 
589  0.090818 -1.0005 0.90540 -0.0019575 0.0011616 
590  0.086617 -1.0230 0.90785 -0.0016631 0.0011484 
591  0.086017 -1.0264 0.90804 0.0032864 0.0011565 
592  0.087618 -1.0176 0.90740 -0.0027695 0.0011522 
593  0.091418 -0.99733 0.90486 -0.010195 0.0011424 
594  0.086417 -1.0241 0.90792 0.0014230 0.0011493 
595  0.089218 -1.0090 0.90647 -0.0023101 0.0011581 
596  0.085817 -1.0275 0.90812 -0.0039294 0.0011535 
597  0.087217 -1.0198 0.90760 -0.0018549 0.0011524 
598  0.093819 -0.98493 0.90243 -0.0014001 0.0011526 
599  0.087217 -1.0198 0.90760 -0.0019768 0.0011558 
600  0.087818 -1.0165 0.90731 -0.0063354 0.0011517 
601  0.089818 -1.0058 0.90606 0.0050634 0.0011698 
602  0.081816 -1.0501 0.90890 0.0027194 0.0011527 
603  0.090018 -1.0047 0.90590 -0.0022725 0.0011625 
604  0.090418 -1.0026 0.90563 0.0056289 0.0011755 
605  0.088818 -1.0111 0.90671 0.00045302 0.0011559 
606  0.096819 -0.96981 0.89774 -0.0039429 0.0011654 
607  0.085617 -1.0286 0.90819 -0.0047328 0.0011520 
608  0.094019 -0.98390 0.90220 0.0013698 0.0011719 
609  0.098220 -0.96290 0.89439 -0.0054626 0.0011529 
610  0.097620 -0.96585 0.89561 0.0063401 0.0011831 
611  0.085817 -1.0275 0.90812 -0.0031835 0.0011531 
612  0.094819 -0.97984 0.90133 -0.0038408 0.0011483 
613  0.083017 -1.0432 0.90878 -0.0028460 0.0011454 
614  0.10222 -0.94363 0.87689 0.0060215 0.0011724 
615  0.089218 -1.0090 0.90647 -0.0044569 0.0011542 
616  0.088618 -1.0122 0.90684 -0.0047195 0.0011460 
617  0.087217 -1.0198 0.90760 -0.0018413 0.0011666 
618  0.089418 -1.0079 0.90633 -0.0071537 0.0011472 
619  0.087217 -1.0198 0.90760 -0.0030236 0.0011619 
620  0.096019 -0.97380 0.89909 0.0049350 0.0011834 
621  0.094819 -0.97984 0.90133 0.0023520 0.0011775 
622  0.095019 -0.97883 0.90102 -0.0016094 0.0011551 
623  0.083617 -1.0398 0.90868 -0.0039467 0.0011504 
624  0.089218 -1.0090 0.90647 -0.0012786 0.0011529 
625  0.089818 -1.0058 0.90606 -0.0066683 0.0011491 
626  0.088618 -1.0122 0.90684 0.0023312 0.0011665 
627  0.089218 -1.0090 0.90647 0.0022847 0.0011767 
628  0.093619 -0.98595 0.90276 -0.00025500 0.0011552 
629  0.088218 -1.0143 0.90709 -0.0017560 0.0011578 
630  0.095219 -0.97782 0.90065 0.0037607 0.0011692 
631  0.084417 -1.0353 0.90846 -0.0078514 0.0011476 
632  0.092418 -0.99213 0.90400 0.0016104 0.0011724 
633  0.094019 -0.98390 0.90220 0.0020152 0.0011770 
634  0.090818 -1.0005 0.90540 -0.0062361 0.0011539 
635  0.087017 -1.0209 0.90767 0.0018583 0.0011545 
636  0.091618 -0.99629 0.90465 0.0064399 0.0011719 
637  0.090818 -1.0005 0.90540 0.0020398 0.0011587 
638  0.088218 -1.0143 0.90709 -0.00097458 0.0011634 
639  0.090418 -1.0026 0.90563 0.0015681 0.0011663 
640  0.098420 -0.96192 0.89330 -0.0047898 0.0011477 
641  0.091418 -0.99733 0.90486 0.0012831 0.0011583 
642  0.095219 -0.97782 0.90065 -0.0017014 0.0011532 
643  0.083017 -1.0432 0.90878 -0.0018003 0.0011540 
644  0.092819 -0.99006 0.90349 -0.0088364 0.0011444 
645  0.086417 -1.0241 0.90792 0.0048504 0.0011835 
646  0.095419 -0.97681 0.90029 -0.0050102 0.0011575 
647  0.086017 -1.0264 0.90804 -0.0014097 0.0011673 
648  0.093619 -0.98595 0.90276 -0.0038225 0.0011608 
649  0.092619 -0.99109 0.90380 0.0035278 0.0011709 
650  0.085017 -1.0319 0.90834 0.0010044 0.0011665 
651  0.085417 -1.0297 0.90825 -0.0055073 0.0011468 
652  0.092018 -0.99420 0.90432 0.0061081 0.0011789 
653  0.097019 -0.96882 0.89724 2.9914e-06 0.0011661 
654  0.094219 -0.98289 0.90201 -0.0050757 0.0011523 
655  0.085417 -1.0297 0.90825 -0.0023648 0.0011668 
656  0.091618 -0.99629 0.90465 0.00037909 0.0011653 
657  0.088018 -1.0154 0.90722 -0.0023928 0.0011535 
658  0.091218 -0.99838 0.90506 0.0011446 0.0011635 
659  0.087017 -1.0209 0.90767 -0.00052403 0.0011610 
660  0.087217 -1.0198 0.90760 -0.0059834 0.0011534 
661  0.087417 -1.0187 0.90751 0.00088194 0.0011791 
662  0.096019 -0.97380 0.89909 0.0012609 0.0011708 
663  0.086217 -1.0252 0.90798 -0.0049729 0.0011626 
664  0.089818 -1.0058 0.90606 0.00020997 0.0011571 
665  0.095619 -0.97581 0.89988 -0.0028155 0.0011755 
666  0.093619 -0.98595 0.90276 -0.0029168 0.0011627 
667  0.090418 -1.0026 0.90563 -0.0067291 0.0011544 
668  0.095019 -0.97883 0.90102 0.00011386 0.0011647 
669  0.094419 -0.98187 0.90180 -0.0059476 0.0011683 
670  0.092819 -0.99006 0.90349 -0.0065495 0.0011570 
671  0.097019 -0.96882 0.89724 -0.0061505 0.0011483 
672  0.095619 -0.97581 0.89988 -0.00070547 0.0011650 
673  0.088418 -1.0133 0.90696 -0.0019187 0.0011549 
674  0.092418 -0.99213 0.90400 0.010168 0.0011807 
675  0.092819 -0.99006 0.90349 -0.0016030 0.0011626 
676  0.087417 -1.0187 0.90751 -0.0022029 0.0011474 
677  0.092418 -0.99213 0.90400 -0.00074336 0.0011556 
678  0.093219 -0.98800 0.90313 -0.0093529 0.0011618 
679  0.092418 -0.99213 0.90400 -0.0016843 0.0011550 
680  0.10142 -0.94743 0.88256 0.012923 0.0012079 
681  0.085017 -1.0319 0.90834 -0.00034584 0.0011549 
682  0.088618 -1.0122 0.90684 0.00062398 0.0011616 
683  0.089418 -1.0079 0.90633 -0.00016371 0.0011564 
684  0.091418 -0.99733 0.90486 -0.0031447 0.0011512 
685  0.089018 -1.0100 0.90658 0.0023815 0.0011578 
686  0.094019 -0.98390 0.90220 0.0074406 0.0012000 
687  0.094619 -0.98085 0.90152 -0.0077060 0.0011452 
688  0.095819 -0.97480 0.89938 0.0037155 0.0011904 
689  0.094219 -0.98289 0.90201 -0.00028978 0.0011678 
690  0.092418 -0.99213 0.90400 -0.0032443 0.0011576 
691  0.095419 -0.97681 0.90029 0.0086316 0.0012123 
692  0.086817 -1.0220 0.90776 -0.0046457 0.0011530 
693  0.087217 -1.0198 0.90760 0.00065825 0.0011607 
694  0.090618 -1.0015 0.90552 0.0077837 0.0011669 
695  0.090418 -1.0026 0.90563 0.00048890 0.0011629 
696  0.086217 -1.0252 0.90798 -0.011307 0.0011381 
697  0.088018 -1.0154 0.90722 0.0080362 0.0011767 
698  0.081016 -1.0547 0.90896 -0.0021875 0.0011591 
699  0.088418 -1.0133 0.90696 0.0060559 0.0011713 
700  0.088618 -1.0122 0.90684 -0.0025361 0.0011513 
701  0.086617 -1.0230 0.90785 0.0021318 0.0011557 
702  0.093219 -0.98800 0.90313 -0.0094757 0.0011457 
703  0.091218 -0.99838 0.90506 -0.00021874 0.0011561 
704  0.096219 -0.97280 0.89863 -0.0054769 0.0011581 
705  0.091418 -0.99733 0.90486 -0.0041620 0.0011603 
706  0.082416 -1.0466 0.90883 -0.0036609 0.0011461 
707  0.094819 -0.97984 0.90133 0.00084410 0.0011598 
708  0.088818 -1.0111 0.90671 -0.010430 0.0011452 
709  0.089218 -1.0090 0.90647 -4.0461e-05 0.0011590 
710  0.084817 -1.0330 0.90840 0.00099071 0.0011506 
711  0.087417 -1.0187 0.90751 0.0031582 0.0011690 
712  0.088618 -1.0122 0.90684 0.00066638 0.0011690 
713  0.092218 -0.99316 0.90416 -0.0055903 0.0011590 
714  0.083817 -1.0387 0.90862 -0.00075951 0.0011587 
715  0.091618 -0.99629 0.90465 -0.0015758 0.0011748 
716  0.084017 -1.0375 0.90858 0.0012279 0.0011613 
717  0.092619 -0.99109 0.90380 -0.0029372 0.0011563 
718  0.092418 -0.99213 0.90400 0.0044412 0.0011698 
719  0.088018 -1.0154 0.90722 -0.00084949 0.0011601 
720  0.092819 -0.99006 0.90349 -0.0056271 0.0011541 
721  0.092218 -0.99316 0.90416 -0.0025538 0.0011636 
722  0.092018 -0.99420 0.90432 -0.0023332 0.0011634 
723  0.093419 -0.98697 0.90293 -0.0094833 0.0011389 
724  0.090818 -1.0005 0.90540 0.00043254 0.0011574 
725  0.090218 -1.0036 0.90576 0.0038639 0.0011637 
726  0.089418 -1.0079 0.90633 -0.0015374 0.0011742 
727  0.093219 -0.98800 0.90313 -0.0023167 0.0011510 
728  0.087017 -1.0209 0.90767 -0.0016541 0.0011538 
729  0.089818 -1.0058 0.90606 -0.0034129 0.0011449 
730  0.090818 -1.0005 0.90540 -0.00078693 0.0011645 
731  0.087417 -1.0187 0.90751 -0.0022677 0.0011582 
732  0.092018 -0.99420 0.90432 -0.0046630 0.0011517 
733  0.087217 -1.0198 0.90760 0.0037746 0.0011565 
734  0.094419 -0.98187 0.90180 0.0049123 0.0011742 
735  0.086617 -1.0230 0.90785 0.0051321 0.0011656 
736  0.086017 -1.0264 0.90804 0.0021292 0.0011661 
737  0.094819 -0.97984 0.90133 -0.0018107 0.0011569 
738  0.092819 -0.99006 0.90349 -0.0020801 0.0011724 
739  0.089618 -1.0068 0.90619 -0.0054038 0.0011497 
740  0.089418 -1.0079 0.90633 -0.0030998 0.0011644 
741  0.090818 -1.0005 0.90540 -0.00019282 0.0011620 
742  0.093619 -0.98595 0.90276 -0.0099881 0.0011547 
743  0.090218 -1.0036 0.90576 0.0013746 0.0011585 
744  0.081416 -1.0524 0.90893 -0.0061395 0.0011409 
745  0.087417 -1.0187 0.90751 -0.0060280 0.0011478 
746  0.091618 -0.99629 0.90465 0.0024031 0.0011609 
747  0.091018 -0.99943 0.90526 -0.0019481 0.0011510 
748  0.092619 -0.99109 0.90380 -0.0061764 0.0011560 
749  0.091618 -0.99629 0.90465 -0.0039500 0.0011569 
750  0.091818 -0.99524 0.90451 0.00068063 0.0011646 
751  0.092418 -0.99213 0.90400 0.00077725 0.0011562 
752  0.090018 -1.0047 0.90590 0.00027509 0.0011567 
753  0.082617 -1.0455 0.90880 -0.0049732 0.0011516 
754  0.089618 -1.0068 0.90619 -0.0035115 0.0011592 
755  0.093619 -0.98595 0.90276 -0.0055626 0.0011575 
756  0.083817 -1.0387 0.90862 -0.0095973 0.0011476 
757  0.090418 -1.0026 0.90563 -0.0049972 0.0011581 
758  0.084417 -1.0353 0.90846 -0.011114 0.0011715 
759  0.090618 -1.0015 0.90552 0.0017060 0.0011670 
760  0.091018 -0.99943 0.90526 -0.0031928 0.0011573 
761  0.097219 -0.96783 0.89667 -0.0031189 0.0011701 
762  0.095219 -0.97782 0.90065 0.0034077 0.0011797 
763  0.088618 -1.0122 0.90684 -0.00055026 0.0011559 
764  0.091618 -0.99629 0.90465 0.0037777 0.0011774 
765  0.095419 -0.97681 0.90029 -0.00047948 0.0011641 
766  0.097019 -0.96882 0.89724 -0.0016061 0.0011645 
767  0.094819 -0.97984 0.90133 0.0077422 0.0011775 
768  0.091218 -0.99838 0.90506 0.00099757 0.0011665 
769  0.092218 -0.99316 0.90416 -0.00040676 0.0011594 
770  0.094019 -0.98390 0.90220 0.0029723 0.0011697 
771  0.094619 -0.98085 0.90152 0.0020104 0.0011678 
772  0.089418 -1.0079 0.90633 0.00041430 0.0011555 
773  0.093419 -0.98697 0.90293 -0.0026439 0.0011691 
774  0.092218 -0.99316 0.90416 -0.0069101 0.0011508 
775  0.094419 -0.98187 0.90180 0.0036179 0.0011714 
776  0.092619 -0.99109 0.90380 0.0039664 0.0011774 
777  0.098220 -0.96290 0.89439 -0.0028634 0.0011586 
778  0.091818 -0.99524 0.90451 -0.0041033 0.0011468 
779  0.090018 -1.0047 0.90590 -0.00013326 0.0011720 
780  0.097019 -0.96882 0.89724 0.00014747 0.0011769 
781  0.088018 -1.0154 0.90722 -0.00098322 0.0011712 
782  0.093019 -0.98903 0.90327 -0.0057836 0.0011539 
783  0.095619 -0.97581 0.89988 0.0012806 0.0011744 
784  0.089418 -1.0079 0.90633 0.0019907 0.0011610 
785  0.10342 -0.93798 0.87361 0.013790 0.0012244 
786  0.087417 -1.0187 0.90751 0.00086596 0.0011599 
787  0.090218 -1.0036 0.90576 -0.0010579 0.0011628 
788  0.094819 -0.97984 0.90133 -0.0066268 0.0011615 
789  0.088018 -1.0154 0.90722 -0.00094084 0.0011567 
790  0.089818 -1.0058 0.90606 -0.0014801 0.0011647 
791  0.089418 -1.0079 0.90633 -0.0034065 0.0011555 
792  0.090618 -1.0015 0.90552 0.0046842 0.0011734 
793  0.093219 -0.98800 0.90313 -0.00094091 0.0011581 
794  0.091218 -0.99838 0.90506 -0.0057031 0.0011466 
795  0.086617 -1.0230 0.90785 0.00078269 0.0011603 
796  0.085817 -1.0275 0.90812 -8.6853e-05 0.0011516 
797  0.092619 -0.99109 0.90380 -0.00052772 0.0011740 
798  0.093219 -0.98800 0.90313 -0.0079501 0.0011632 
799  0.10702 -0.92137 0.86932 0.045127 0.0013682 
800  0.10202 -0.94458 0.88141 0.028586 0.0012758 
801  0.096419 -0.97180 0.89838 -0.00026345 0.0011685 
802  0.099020 -0.95899 0.89130 0.0095587 0.0011987 
803  0.14663 -0.76492 0.84077 0.15390 0.0024553 
804  0.093619 -0.98595 0.90276 -0.0011298 0.0011668 
805  0.092619 -0.99109 0.90380 0.00093697 0.0011661 
806  0.093819 -0.98493 0.90243 0.023770 0.0012819 
807  0.089218 -1.0090 0.90647 -0.0058270 0.0011469 
808  0.088218 -1.0143 0.90709 0.0033698 0.0011732 
809  0.095819 -0.97480 0.89938 -0.0047491 0.0011584 
810  0.088418 -1.0133 0.90696 0.0013228 0.0011496 
811  0.080216 -1.0594 0.90900 -0.0058224 0.0011453 
812  0.090418 -1.0026 0.90563 -0.0091379 0.0011450 
813  0.089418 -1.0079 0.90633 0.0060445 0.0011696 
814  0.086817 -1.0220 0.90776 -0.0019280 0.0011544 
815  0.089218 -1.0090 0.90647 -0.0045325 0.0011478 
816  0.092418 -0.99213 0.90400 0.0017105 0.0011658 
817  0.091418 -0.99733 0.90486 0.0015315 0.0011672 
818  0.089418 -1.0079 0.90633 -0.012953 0.0011495 
819  0.087818 -1.0165 0.90731 -0.0022972 0.0011557 
820  0.088618 -1.0122 0.90684 0.0026400 0.0011667 
821  0.083017 -1.0432 0.90878 -0.0049554 0.0011395 
822  0.086617 -1.0230 0.90785 -0.0023833 0.0011539 
823  0.094019 -0.98390 0.90220 -0.0043844 0.0011556 
824  0.086817 -1.0220 0.90776 -0.0071278 0.0011507 
825  0.081816 -1.0501 0.90890 -0.0068019 0.0011419 
826  0.098220 -0.96290 0.89439 0.0043270 0.0011659 
827  0.10002 -0.95415 0.88792 0.0081477 0.0011677 
828  0.087217 -1.0198 0.90760 -0.00086269 0.0011544 
829  0.087217 -1.0198 0.90760 0.0071873 0.0011762 
830  0.092218 -0.99316 0.90416 -0.00035318 0.0011672 
831  0.094419 -0.98187 0.90180 0.0014123 0.0011556 
832  0.088218 -1.0143 0.90709 -0.0039953 0.0011481 
833  0.092619 -0.99109 0.90380 -0.0071324 0.0011509 
834  0.089818 -1.0058 0.90606 0.0057269 0.0011762 
835  0.096219 -0.97280 0.89863 -0.0037355 0.0011690 
836  0.097419 -0.96684 0.89623 0.016857 0.0012376 
837  0.089618 -1.0068 0.90619 -4.3417e-05 0.0011562 
838  0.089418 -1.0079 0.90633 0.0074797 0.0011818 
839  0.099220 -0.95802 0.89079 -0.0096814 0.0011497 
840  0.081616 -1.0512 0.90891 -0.0071108 0.0011470 
841  0.094219 -0.98289 0.90201 -0.0010965 0.0011576 
842  0.080216 -1.0594 0.90900 -0.00061767 0.0011508 
843  0.092418 -0.99213 0.90400 -0.0070341 0.0011427 
844  0.085217 -1.0308 0.90829 -0.00038568 0.0011521 
845  0.086217 -1.0252 0.90798 -0.0032254 0.0011501 
846  0.090218 -1.0036 0.90576 -0.0033494 0.0011556 
847  0.090018 -1.0047 0.90590 -0.0059463 0.0011448 
848  0.087818 -1.0165 0.90731 -0.0069102 0.0011396 
849  0.089018 -1.0100 0.90658 0.0030122 0.0011775 
850  0.085817 -1.0275 0.90812 -0.0018039 0.0011556 
851  0.090818 -1.0005 0.90540 -0.0038528 0.0011475 
852  0.083417 -1.0409 0.90873 -0.0013151 0.0011483 
853  0.089618 -1.0068 0.90619 -0.00049708 0.0011645 
854  0.083417 -1.0409 0.90873 -5.0743e-05 0.0011653 
855  0.086417 -1.0241 0.90792 -3.7406e-05 0.0011600 
856  0.091018 -0.99943 0.90526 -0.0034356 0.0011585 
857  0.086217 -1.0252 0.90798 -0.00048068 0.0011584 
858  0.090818 -1.0005 0.90540 -0.00015061 0.0011642 
859  0.090418 -1.0026 0.90563 0.00056517 0.0011661 
860  0.090218 -1.0036 0.90576 -0.0013366 0.0011662 
861  0.091018 -0.99943 0.90526 -0.0031309 0.0011569 
862  0.087618 -1.0176 0.90740 0.0071152 0.0011691 
863  0.095219 -0.97782 0.90065 -0.0065566 0.0011565 
864  0.086617 -1.0230 0.90785 0.0015917 0.0011600 
865  0.086417 -1.0241 0.90792 0.0011835 0.0011534 
866  0.092619 -0.99109 0.90380 0.0037169 0.0011564 
867  0.095019 -0.97883 0.90102 -0.011686 0.0011493 
868  0.088218 -1.0143 0.90709 -0.0025739 0.0011488 
869  0.095019 -0.97883 0.90102 0.0017043 0.0011825 
870  0.093219 -0.98800 0.90313 -0.0053391 0.0011461 
871  0.093219 -0.98800 0.90313 -0.0030574 0.0011543 
872  0.086817 -1.0220 0.90776 0.0034349 0.0011708 
873  0.099220 -0.95802 0.89079 0.0087689 0.0011936 
874  0.088218 -1.0143 0.90709 -0.0047722 0.0011525 
875  0.089018 -1.0100 0.90658 0.00097256 0.0011549 
876  0.087017 -1.0209 0.90767 -0.0038470 0.0011462 
877  0.088618 -1.0122 0.90684 -0.00019331 0.0011589 
878  0.095619 -0.97581 0.89988 0.0030264 0.0011772 
879  0.091218 -0.99838 0.90506 -0.0061225 0.0011563 
880  0.092218 -0.99316 0.90416 0.0054414 0.0011755 
881  0.093019 -0.98903 0.90327 -0.0014763 0.0011747 
882  0.080416 -1.0582 0.90897 -0.0084858 0.0011456 
883  0.086617 -1.0230 0.90785 -0.0021168 0.0011403 
884  0.096619 -0.97081 0.89800 -0.0046279 0.0011496 
885  0.094819 -0.97984 0.90133 -0.00057309 0.0011750 
886  0.085617 -1.0286 0.90819 0.00037857 0.0011581 
887  0.091618 -0.99629 0.90465 -0.0061321 0.0011394 
888  0.091018 -0.99943 0.90526 0.0036369 0.0011644 
889  0.093019 -0.98903 0.90327 -0.0096685 0.0011507 
890  0.085217 -1.0308 0.90829 -0.0044487 0.0011508 
891  0.097820 -0.96487 0.89526 0.010151 0.0011977 
892  0.093419 -0.98697 0.90293 0.0018624 0.0011645 
893  0.095419 -0.97681 0.90029 -0.0053493 0.0011552 
894  0.087417 -1.0187 0.90751 -0.0023658 0.0011598 
895  0.088418 -1.0133 0.90696 -0.0047937 0.0011471 
896  0.098820 -0.95997 0.89233 -0.0095237 0.0011477 
897  0.088018 -1.0154 0.90722 -0.0018528 0.0011643 
898  0.082416 -1.0466 0.90883 -0.0027686 0.0011577 
899  0.088018 -1.0154 0.90722 -0.0063424 0.0011464 
900  0.092619 -0.99109 0.90380 -0.010139 0.0011339 
901  0.088418 -1.0133 0.90696 -0.0050358 0.0011503 
902  0.090018 -1.0047 0.90590 -0.0072175 0.0011544 
903  0.083417 -1.0409 0.90873 -0.0039749 0.0011530 
904  0.091218 -0.99838 0.90506 -0.0027097 0.0011593 
905  0.092218 -0.99316 0.90416 -0.0054621 0.0011506 
906  0.083617 -1.0398 0.90868 -0.0088137 0.0011432 
907  0.095019 -0.97883 0.90102 0.0024154 0.0011711 
908  0.088018 -1.0154 0.90722 0.0019285 0.0011811 
909  0.090218 -1.0036 0.90576 0.00060211 0.0011552 
910  0.082016 -1.0489 0.90886 -0.0051588 0.0011454 
911  0.087618 -1.0176 0.90740 -0.0011963 0.0011542 
912  0.085017 -1.0319 0.90834 -0.0067333 0.0011479 
913  0.091218 -0.99838 0.90506 -0.0042085 0.0011588 
914  0.091618 -0.99629 0.90465 -0.00083054 0.0011646 
915  0.089018 -1.0100 0.90658 -0.0042495 0.0011635 
916  0.087618 -1.0176 0.90740 0.00010358 0.0011645 
917  0.093419 -0.98697 0.90293 -0.0081961 0.0011608 
918  0.093419 -0.98697 0.90293 -0.0074529 0.0011505 
919  0.089418 -1.0079 0.90633 -0.0047046 0.0011490 
920  0.085417 -1.0297 0.90825 -0.0018932 0.0011565 
921  0.092819 -0.99006 0.90349 0.00063009 0.0011663 
922  0.092619 -0.99109 0.90380 0.0059364 0.0011717 
923  0.088018 -1.0154 0.90722 -0.0025819 0.0011513 
924  0.096819 -0.96981 0.89774 0.0018873 0.0011728 
925  0.083617 -1.0398 0.90868 0.0024023 0.0011478 
926  0.091018 -0.99943 0.90526 -0.00076445 0.0011582 
927  0.090018 -1.0047 0.90590 -0.0048649 0.0011591 
928  0.089618 -1.0068 0.90619 -0.00052118 0.0011560 
929  0.089818 -1.0058 0.90606 -0.0013722 0.0011605 
930  0.088418 -1.0133 0.90696 -0.0085180 0.0011419 
931  0.093219 -0.98800 0.90313 0.0015905 0.0011666 
932  0.089818 -1.0058 0.90606 -0.0046645 0.0011567 
933  0.088418 -1.0133 0.90696 -9.9764e-05 0.0011595 
934  0.088618 -1.0122 0.90684 -0.00028501 0.0011544 
935  0.091818 -0.99524 0.90451 0.016657 0.0012096 
936  0.082416 -1.0466 0.90883 0.0053410 0.0011598 
937  0.091018 -0.99943 0.90526 -0.00035452 0.0011578 
938  0.088218 -1.0143 0.90709 0.00070564 0.0011545 
939  0.091018 -0.99943 0.90526 -0.0078505 0.0011488 
940  0.085217 -1.0308 0.90829 -0.0043358 0.0011449 
941  0.088818 -1.0111 0.90671 -0.0091752 0.0011495 
942  0.089418 -1.0079 0.90633 -0.0082516 0.0011429 
943  0.086617 -1.0230 0.90785 -0.0019743 0.0011776 
944  0.084817 -1.0330 0.90840 -0.0080358 0.0011388 
945  0.085617 -1.0286 0.90819 -0.0023178 0.0011510 
946  0.10222 -0.94363 0.87689 0.0099403 0.0012135 
947  0.091218 -0.99838 0.90506 0.013174 0.0011874 
948  0.084817 -1.0330 0.90840 0.0046695 0.0011791 
949  0.088218 -1.0143 0.90709 -0.00036922 0.0011553 
950  0.087818 -1.0165 0.90731 0.0038107 0.0011698 
951  0.090418 -1.0026 0.90563 -0.0041549 0.0011418 
952  0.092418 -0.99213 0.90400 0.0034811 0.0011701 
953  0.089618 -1.0068 0.90619 -0.0048184 0.0011553 
954  0.087417 -1.0187 0.90751 -0.0058676 0.0011414 
955  0.094219 -0.98289 0.90201 0.0079886 0.0011847 
956  0.086417 -1.0241 0.90792 -0.0050078 0.0011626 
957  0.088818 -1.0111 0.90671 -0.0048979 0.0011483 
958  0.091418 -0.99733 0.90486 -0.0017350 0.0011655 
959  0.089618 -1.0068 0.90619 -0.0010943 0.0011491 
960  0.093619 -0.98595 0.90276 -0.0010783 0.0011705 
961  0.086017 -1.0264 0.90804 -0.0027550 0.0011529 
962  0.097019 -0.96882 0.89724 -0.0019393 0.0011721 
963  0.089018 -1.0100 0.90658 -0.0018794 0.0011520 
964  0.084617 -1.0341 0.90844 -0.0086185 0.0011389 
965  0.097820 -0.96487 0.89526 -0.0038516 0.0011551 
966  0.089418 -1.0079 0.90633 -0.0054229 0.0011627 
967  0.097620 -0.96585 0.89561 -0.0098364 0.0011454 
968  0.089618 -1.0068 0.90619 -0.0083041 0.0011469 
969  0.088218 -1.0143 0.90709 -0.0028582 0.0011479 
970  0.084017 -1.0375 0.90858 -0.00082039 0.0011602 
971  0.093819 -0.98493 0.90243 -0.0045510 0.0011473 
972  0.088418 -1.0133 0.90696 -0.0027270 0.0011556 
973  0.091818 -0.99524 0.90451 0.00032221 0.0011638 
974  0.092819 -0.99006 0.90349 0.0012591 0.0011628 
975  0.086417 -1.0241 0.90792 0.0014695 0.0011597 
976  0.094219 -0.98289 0.90201 -0.0054307 0.0011480 
977  0.086617 -1.0230 0.90785 -0.0019199 0.0011480 
978  0.092018 -0.99420 0.90432 0.0028573 0.0011575 
979  0.092819 -0.99006 0.90349 0.00016819 0.0011560 
980  0.095219 -0.97782 0.90065 0.0017464 0.0011688 
981  0.091418 -0.99733 0.90486 0.0083567 0.0011757 
982  0.084817 -1.0330 0.90840 0.00044975 0.0011657 
983  0.087417 -1.0187 0.90751 -0.0056130 0.0011462 
984  0.091218 -0.99838 0.90506 0.00053289 0.0011525 
985  0.089218 -1.0090 0.90647 0.0069934 0.0011679 
986  0.099420 -0.95705 0.89003 0.023272 0.0012708 
987  0.086417 -1.0241 0.90792 0.0033357 0.0011631 
988  0.090018 -1.0047 0.90590 0.0019334 0.0011631 
989  0.091018 -0.99943 0.90526 0.0028816 0.0011795 
990  0.092218 -0.99316 0.90416 -0.0032099 0.0011633 
991  0.091618 -0.99629 0.90465 -0.0012131 0.0011543 
992  0.087818 -1.0165 0.90731 -0.0015676 0.0011547 
993  0.087017 -1.0209 0.90767 -0.0011979 0.0011591 
994  0.091818 -0.99524 0.90451 -0.0057384 0.0011525 
995  0.083617 -1.0398 0.90868 -0.0027720 0.0011531 
996  0.089218 -1.0090 0.90647 -0.0044977 0.0011473 
997  0.093819 -0.98493 0.90243 -0.0018394 0.0011651 
998  0.087618 -1.0176 0.90740 -0.00055354 0.0011657 
999  0.092819 -0.99006 0.90349 0.0040311 0.0011628 
1000  0.091218 -0.99838 0.90506 -0.0015382 0.0011622 
1001  0.092418 -0.99213 0.90400 -0.0029622 0.0011818 
1002  0.095619 -0.97581 0.89988 0.0023301 0.0011685 
1003  0.092418 -0.99213 0.90400 0.0015264 0.0011579 
1004  0.096819 -0.96981 0.89774 -0.0061388 0.0011576 
1005  0.087417 -1.0187 0.90751 -0.0049266 0.0011590 
1006  0.088818 -1.0111 0.90671 0.0028337 0.0011649 
1007  0.088618 -1.0122 0.90684 -0.0034813 0.0011644 
1008  0.091218 -0.99838 0.90506 -0.00095548 0.0011729 
1009  0.093619 -0.98595 0.90276 -0.0035366 0.0011588 
1010  0.093019 -0.98903 0.90327 -0.0030629 0.0011591 
1011  0.090818 -1.0005 0.90540 -0.0028760 0.0011712 
1012  0.087417 -1.0187 0.90751 -0.0014158 0.0011636 
1013  0.088818 -1.0111 0.90671 0.0011508 0.0011607 
1014  0.094619 -0.98085 0.90152 -0.0067356 0.0011534 
1015  0.085617 -1.0286 0.90819 -0.0028750 0.0011542 
1016  0.087618 -1.0176 0.90740 0.0017642 0.0011630 
1017  0.088818 -1.0111 0.90671 -0.00043497 0.0011519 
1018  0.091018 -0.99943 0.90526 -0.0052654 0.0011572 
1019  0.087818 -1.0165 0.90731 -0.0038938 0.0011526 
1020  0.090218 -1.0036 0.90576 0.0030979 0.0011636 
1021  0.091818 -0.99524 0.90451 0.00071532 0.0011748 
1022  0.086617 -1.0230 0.90785 0.00022673 0.0011622 
1023  0.089618 -1.0068 0.90619 -0.00074226 0.0011688 
1024  0.088418 -1.0133 0.90696 -0.0021533 0.0011624 
1025  0.093619 -0.98595 0.90276 -0.0067208 0.0011430 
1026  0.090418 -1.0026 0.90563 0.0020556 0.0011613 
1027  0.091218 -0.99838 0.90506 -0.0026111 0.0011485 
1028  0.083017 -1.0432 0.90878 0.0073890 0.0011703 
1029  0.097419 -0.96684 0.89623 -0.0020470 0.0011592 
1030  0.089618 -1.0068 0.90619 -0.0043342 0.0011534 
1031  0.085617 -1.0286 0.90819 -0.0039582 0.0011375 
1032  0.089818 -1.0058 0.90606 -0.0096829 0.0011503 
1033  0.092819 -0.99006 0.90349 0.0057436 0.0011714 
1034  0.096219 -0.97280 0.89863 0.00040528 0.0011633 
1035  0.096019 -0.97380 0.89909 -0.0095873 0.0011497 
1036  0.085817 -1.0275 0.90812 -0.0038111 0.0011543 
1037  0.093019 -0.98903 0.90327 -0.0072161 0.0011430 
1038  0.094019 -0.98390 0.90220 -0.0012999 0.0011645 
1039  0.092619 -0.99109 0.90380 -0.00041434 0.0011644 
1040  0.092418 -0.99213 0.90400 -0.0040387 0.0011465 
1041  0.086817 -1.0220 0.90776 -0.0064697 0.0011521 
1042  0.091018 -0.99943 0.90526 0.0030518 0.0011702 
1043  0.088818 -1.0111 0.90671 -0.0075041 0.0011504 
1044  0.091018 -0.99943 0.90526 -0.0057495 0.0011488 
1045  0.084617 -1.0341 0.90844 -0.00015585 0.0011520 
1046  0.089818 -1.0058 0.90606 0.0038492 0.0011623 
1047  0.091618 -0.99629 0.90465 -0.0043847 0.0011633 
1048  0.081416 -1.0524 0.90893 -0.0062449 0.0011396 
1049  0.090018 -1.0047 0.90590 -0.0069068 0.0011582 
1050  0.083417 -1.0409 0.90873 0.00033377 0.0011533 
1051  0.088018 -1.0154 0.90722 -0.0052078 0.0011492 
1052  0.094219 -0.98289 0.90201 0.00068751 0.0011636 
1053  0.085017 -1.0319 0.90834 -0.0048869 0.0011494 
1054  0.088618 -1.0122 0.90684 0.0012415 0.0011569 
1055  0.095219 -0.97782 0.90065 -0.0033787 0.0011520 
1056  0.095419 -0.97681 0.90029 0.0031907 0.0011610 
1057  0.086817 -1.0220 0.90776 -0.00097471 0.0011659 
1058  0.090218 -1.0036 0.90576 0.0025714 0.0011666 
1059  0.090818 -1.0005 0.90540 -0.0020833 0.0011595 
1060  0.085417 -1.0297 0.90825 -0.00066790 0.0011484 
1061  0.094219 -0.98289 0.90201 -0.0028475 0.0011578 
1062  0.089618 -1.0068 0.90619 -0.0017531 0.0011602 
1063  0.091018 -0.99943 0.90526 -0.0019550 0.0011522 
1064  0.089218 -1.0090 0.90647 -0.0018280 0.0011588 
1065  0.094819 -0.97984 0.90133 -0.0052671 0.0011560 
1066  0.094419 -0.98187 0.90180 0.012067 0.0011888 
1067  0.085817 -1.0275 0.90812 -0.0012157 0.0011605 
1068  0.086217 -1.0252 0.90798 -0.0017651 0.0011577 
1069  0.091018 -0.99943 0.90526 -0.0070097 0.0011476 
1070  0.095019 -0.97883 0.90102 -0.00075857 0.0011680 
1071  0.086017 -1.0264 0.90804 -0.0053016 0.0011443 
1072  0.097019 -0.96882 0.89724 -0.0043976 0.0011588 
1073  0.088218 -1.0143 0.90709 -0.0048981 0.0011592 
1074  0.081816 -1.0501 0.90890 0.0042576 0.0011682 
1075  0.090418 -1.0026 0.90563 -0.0040969 0.0011500 
1076  0.080216 -1.0594 0.90900 0.0019391 0.0011551 
1077  0.090618 -1.0015 0.90552 -0.0010006 0.0011702 
1078  0.089818 -1.0058 0.90606 -0.0044632 0.0011532 
1079  0.088818 -1.0111 0.90671 -0.0016046 0.0011604 
1080  0.095619 -0.97581 0.89988 -0.0026477 0.0011573 
1081  0.087618 -1.0176 0.90740 -0.0045115 0.0011534 
1082  0.088218 -1.0143 0.90709 0.011145 0.0011798 
1083  0.085817 -1.0275 0.90812 0.0029125 0.0011698 
1084  0.092819 -0.99006 0.90349 -0.0015748 0.0011782 
1085  0.098820 -0.95997 0.89233 -0.0060401 0.0011580 
1086  0.093219 -0.98800 0.90313 -0.0065222 0.0011591 
1087  0.094819 -0.97984 0.90133 -0.013172 0.0011359 
1088  0.088618 -1.0122 0.90684 -0.0035125 0.0011476 
1089  0.084217 -1.0364 0.90852 -0.0079342 0.0011458 
1090  0.097820 -0.96487 0.89526 0.0018860 0.0011687 
1091  0.085617 -1.0286 0.90819 -0.0058958 0.0011449 
1092  0.087417 -1.0187 0.90751 -0.0052722 0.0011498 
1093  0.086617 -1.0230 0.90785 0.0053027 0.0011766 
1094  0.089618 -1.0068 0.90619 -0.0060093 0.0011558 
1095  0.089818 -1.0058 0.90606 -3.6200e-05 0.0011598 
1096  0.083417 -1.0409 0.90873 -0.0099527 0.0011421 
1097  0.092819 -0.99006 0.90349 -0.0047163 0.0011544 
1098  0.091418 -0.99733 0.90486 -0.00083785 0.0011584 
1099  0.097620 -0.96585 0.89561 -0.0045193 0.0011733 
1100  0.093819 -0.98493 0.90243 0.0033401 0.0011599 
1101  0.095419 -0.97681 0.90029 -0.0019754 0.0011538 
1102  0.10242 -0.94269 0.87480 0.0086880 0.0011918 
1103  0.086817 -1.0220 0.90776 0.0026053 0.0011536 
1104  0.089018 -1.0100 0.90658 -0.00095111 0.0011678 
1105  0.091018 -0.99943 0.90526 4.7158e-05 0.0011593 
1106  0.093219 -0.98800 0.90313 -0.0010297 0.0011564 
1107  0.091418 -0.99733 0.90486 0.0015793 0.0011665 
1108  0.083017 -1.0432 0.90878 0.00080199 0.0011513 
1109  0.090818 -1.0005 0.90540 0.0013882 0.0011629 
1110  0.094419 -0.98187 0.90180 -0.0023086 0.0011569 
1111  0.089018 -1.0100 0.90658 -0.0046245 0.0011504 
1112  0.083617 -1.0398 0.90868 0.0046923 0.0011591 
1113  0.092819 -0.99006 0.90349 -0.0042581 0.0011578 
1114  0.085617 -1.0286 0.90819 -0.0043668 0.0011466 
1115  0.083417 -1.0409 0.90873 -0.0084856 0.0011444 
1116  0.092218 -0.99316 0.90416 -0.00079695 0.0011733 
1117  0.084817 -1.0330 0.90840 -0.0073394 0.0011395 
1118  0.089818 -1.0058 0.90606 0.0043355 0.0011791 
1119  0.093819 -0.98493 0.90243 -0.00010635 0.0011662 
1120  0.091418 -0.99733 0.90486 -0.0039781 0.0011537 
1121  0.095619 -0.97581 0.89988 0.00065413 0.0011639 
1122  0.090818 -1.0005 0.90540 -0.0064097 0.0011377 
1123  0.087017 -1.0209 0.90767 -0.0051048 0.0011504 
1124  0.085417 -1.0297 0.90825 0.0018162 0.0011681 
1125  0.091018 -0.99943 0.90526 -0.00095497 0.0011480 
1126  0.092218 -0.99316 0.90416 -0.0023293 0.0011530 
1127  0.091218 -0.99838 0.90506 -0.00084494 0.0011523 
1128  0.088218 -1.0143 0.90709 -0.0015475 0.0011706 
1129  0.091018 -0.99943 0.90526 0.0033421 0.0011689 
1130  0.089218 -1.0090 0.90647 -0.0069695 0.0011528 
1131  0.091418 -0.99733 0.90486 -0.0098795 0.0011456 
1132  0.089818 -1.0058 0.90606 0.0010039 0.0011635 
1133  0.088018 -1.0154 0.90722 -0.0036252 0.0011592 
1134  0.087417 -1.0187 0.90751 -0.0034878 0.0011653 
1135  0.084217 -1.0364 0.90852 -0.0072257 0.0011394 
1136  0.083617 -1.0398 0.90868 -0.0076317 0.0011496 
1137  0.091418 -0.99733 0.90486 0.0038785 0.0011731 
1138  0.092619 -0.99109 0.90380 -0.00036603 0.0011576 
1139  0.085017 -1.0319 0.90834 0.0032333 0.0011730 
1140  0.091418 -0.99733 0.90486 0.00041628 0.0011636 
1141  0.080216 -1.0594 0.90900 0.0032947 0.0011560 
1142  0.089418 -1.0079 0.90633 -0.0062931 0.0011467 
1143  0.089218 -1.0090 0.90647 0.0081318 0.0011817 
1144  0.090818 -1.0005 0.90540 -0.00086647 0.0011697 
1145  0.090818 -1.0005 0.90540 -0.0098740 0.0011447 
1146  0.086817 -1.0220 0.90776 -0.0057099 0.0011420 
1147  0.086017 -1.0264 0.90804 -0.0041816 0.0011653 
1148  0.090618 -1.0015 0.90552 -0.0072948 0.0011482 
1149  0.095419 -0.97681 0.90029 0.0026119 0.0011582 
1150  0.092018 -0.99420 0.90432 -0.0014537 0.0011644 
1151  0.092819 -0.99006 0.90349 0.0018547 0.0011740 
1152  0.088418 -1.0133 0.90696 -0.0049546 0.0011584 
1153  0.093619 -0.98595 0.90276 -2.5778e-05 0.0011668 
1154  0.090818 -1.0005 0.90540 0.0033595 0.0011690 
1155  0.098020 -0.96388 0.89488 -0.0020259 0.0011597 
1156  0.086217 -1.0252 0.90798 0.0012313 0.0011641 
1157  0.093019 -0.98903 0.90327 0.00082485 0.0011563 
1158  0.083617 -1.0398 0.90868 0.0014517 0.0011533 
1159  0.096819 -0.96981 0.89774 -0.0076233 0.0011522 
1160  0.092018 -0.99420 0.90432 -0.0080307 0.0011518 
1161  0.086817 -1.0220 0.90776 -0.0017763 0.0011497 
1162  0.091418 -0.99733 0.90486 -0.00097903 0.0011599 
1163  0.084817 -1.0330 0.90840 -0.0093223 0.0011449 
1164  0.087417 -1.0187 0.90751 -0.00010211 0.0011728 
1165  0.098620 -0.96094 0.89296 -0.0022456 0.0011686 
1166  0.094419 -0.98187 0.90180 -0.0040101 0.0011493 
1167  0.096819 -0.96981 0.89774 0.0051754 0.0011785 
1168  0.090618 -1.0015 0.90552 0.0030614 0.0011697 
1169  0.088818 -1.0111 0.90671 -0.0086079 0.0011375 
1170  0.094819 -0.97984 0.90133 -0.0058102 0.0011470 
1171  0.090418 -1.0026 0.90563 -0.0035435 0.0011556 
1172  0.087618 -1.0176 0.90740 -0.0036054 0.0011651 
1173  0.097219 -0.96783 0.89667 -0.0056169 0.0011566 
1174  0.083417 -1.0409 0.90873 -0.0022810 0.0011563 
1175  0.087217 -1.0198 0.90760 -0.0072908 0.0011397 
1176  0.088018 -1.0154 0.90722 0.0028383 0.0011790 
1177  0.085217 -1.0308 0.90829 -0.0016234 0.0011487 
1178  0.092018 -0.99420 0.90432 -0.0050858 0.0011471 
1179  0.089618 -1.0068 0.90619 -0.0026079 0.0011537 
1180  0.094219 -0.98289 0.90201 0.0010308 0.0011592 
1181  0.088018 -1.0154 0.90722 0.0020816 0.0011683 
1182  0.090418 -1.0026 0.90563 -0.00078453 0.0011613 
1183  0.090018 -1.0047 0.90590 0.0026955 0.0011641 
1184  0.096619 -0.97081 0.89800 0.00017455 0.0011622 
1185  0.086817 -1.0220 0.90776 -0.0093523 0.0011513 
1186  0.098220 -0.96290 0.89439 -0.00080508 0.0011670 
1187  0.090018 -1.0047 0.90590 0.0016962 0.0011613 
1188  0.087217 -1.0198 0.90760 0.0017646 0.0011654 
1189  0.091818 -0.99524 0.90451 -0.0020681 0.0011511 
1190  0.093219 -0.98800 0.90313 -0.0045702 0.0011660 
1191  0.088618 -1.0122 0.90684 0.0041902 0.0011763 
1192  0.086017 -1.0264 0.90804 -0.0030529 0.0011583 
1193  0.092819 -0.99006 0.90349 -0.0046071 0.0011527 
1194  0.091218 -0.99838 0.90506 0.00030310 0.0011679 
1195  0.098420 -0.96192 0.89330 0.0018941 0.0011692 
1196  0.090218 -1.0036 0.90576 -0.0087882 0.0011427 
1197  0.092218 -0.99316 0.90416 0.0018517 0.0011753 
1198  0.088018 -1.0154 0.90722 0.0043683 0.0011738 
1199  0.087618 -1.0176 0.90740 -0.0059100 0.0011481 
1200  0.088218 -1.0143 0.90709 -0.0044216 0.0011561 
1201  0.094019 -0.98390 0.90220 0.0022406 0.0011712 
1202  0.087217 -1.0198 0.90760 0.0019737 0.0011601 
1203  0.095019 -0.97883 0.90102 0.0032101 0.0011879 
1204  0.088018 -1.0154 0.90722 -0.0078933 0.0011462 
1205  0.093419 -0.98697 0.90293 0.0071758 0.0011769 
1206  0.089818 -1.0058 0.90606 -0.00088501 0.0011571 
1207  0.088018 -1.0154 0.90722 -0.0026798 0.0011472 
1208  0.089018 -1.0100 0.90658 -0.0027139 0.0011581 
1209  0.084617 -1.0341 0.90844 -0.010141 0.0011399 
1210  0.089818 -1.0058 0.90606 -0.0039766 0.0011453 
1211  0.088818 -1.0111 0.90671 -0.0024013 0.0011519 
1212  0.094419 -0.98187 0.90180 -0.010968 0.0011409 
1213  0.092418 -0.99213 0.90400 -0.0033026 0.0011571 
1214  0.10062 -0.95126 0.88604 -0.0053103 0.0011624 
1215  0.093219 -0.98800 0.90313 -0.0018412 0.0011558 
1216  0.091218 -0.99838 0.90506 0.0048776 0.0011670 
1217  0.091818 -0.99524 0.90451 -0.0084173 0.0011431 
1218  0.090018 -1.0047 0.90590 0.0065319 0.0011620 
1219  0.085617 -1.0286 0.90819 0.0022818 0.0011556 
1220  0.087818 -1.0165 0.90731 -0.0031308 0.0011542 
1221  0.092418 -0.99213 0.90400 -0.0027206 0.0011591 
1222  0.081216 -1.0536 0.90894 -0.00034760 0.0011572 
1223  0.092819 -0.99006 0.90349 0.0025804 0.0011651 
1224  0.087618 -1.0176 0.90740 0.0015233 0.0011772 
1225  0.093819 -0.98493 0.90243 0.0010927 0.0011619 
1226  0.093419 -0.98697 0.90293 -0.0011923 0.0011558 
1227  0.098620 -0.96094 0.89296 -0.0057187 0.0011604 
1228  0.092819 -0.99006 0.90349 -0.0022746 0.0011520 
1229  0.085617 -1.0286 0.90819 0.00075687 0.0011663 
1230  0.092418 -0.99213 0.90400 0.0083865 0.0011845 
1231  0.091618 -0.99629 0.90465 -0.0088353 0.0011461 
1232  0.091618 -0.99629 0.90465 0.0018037 0.0011575 
1233  0.092418 -0.99213 0.90400 0.0034951 0.0011621 
1234  0.088818 -1.0111 0.90671 0.010086 0.0011679 
1235  0.085817 -1.0275 0.90812 0.00026828 0.0011533 
1236  0.092819 -0.99006 0.90349 -0.0054988 0.0011556 
1237  0.086217 -1.0252 0.90798 -0.0047745 0.0011530 
1238  0.092619 -0.99109 0.90380 -0.0094045 0.0011397 
1239  0.084417 -1.0353 0.90846 0.0013591 0.0011570 
1240  0.095619 -0.97581 0.89988 0.0014618 0.0011758 
1241  0.098620 -0.96094 0.89296 0.0021575 0.0011644 
1242  0.093019 -0.98903 0.90327 0.0023905 0.0011752 
1243  0.090218 -1.0036 0.90576 0.0010802 0.0011570 
1244  0.093419 -0.98697 0.90293 -0.0023848 0.0011554 
1245  0.096619 -0.97081 0.89800 -0.0070351 0.0011499 
1246  0.096019 -0.97380 0.89909 -0.0037852 0.0011645 
1247  0.089018 -1.0100 0.90658 -0.0040857 0.0011600 
1248  0.089418 -1.0079 0.90633 0.0045251 0.0011702 
1249  0.093019 -0.98903 0.90327 -0.0056081 0.0011583 
1250  0.093819 -0.98493 0.90243 -0.00058424 0.0011733 
1251  0.088618 -1.0122 0.90684 -0.0012519 0.0011611 
1252  0.090018 -1.0047 0.90590 -0.0039858 0.0011486 
1253  0.094619 -0.98085 0.90152 0.0047753 0.0011622 
1254  0.094419 -0.98187 0.90180 0.00090941 0.0011636 
1255  0.093619 -0.98595 0.90276 -0.0011861 0.0011620 
1256  0.095819 -0.97480 0.89938 0.0023668 0.0011784 
1257  0.086617 -1.0230 0.90785 0.00016468 0.0011656 
1258  0.089018 -1.0100 0.90658 0.0026531 0.0011592 
1259  0.088218 -1.0143 0.90709 -0.0017477 0.0011612 
1260  0.092218 -0.99316 0.90416 0.00021544 0.0011536 
1261  0.090218 -1.0036 0.90576 0.0010734 0.0011750 
1262  0.098420 -0.96192 0.89330 0.00036888 0.0011693 
1263  0.096019 -0.97380 0.89909 -0.0059753 0.0011690 
1264  0.088818 -1.0111 0.90671 0.0026935 0.0011686 
1265  0.092619 -0.99109 0.90380 -0.0047725 0.0011499 
1266  0.088618 -1.0122 0.90684 -0.012664 0.0011371 
1267  0.087618 -1.0176 0.90740 -0.0040553 0.0011534 
1268  0.089018 -1.0100 0.90658 0.0026538 0.0011682 
1269  0.095619 -0.97581 0.89988 -0.010882 0.0011482 
1270  0.082216 -1.0478 0.90884 0.0034307 0.0011532 
1271  0.087017 -1.0209 0.90767 -0.0015393 0.0011595 
1272  0.092619 -0.99109 0.90380 -0.00030569 0.0011601 
1273  0.097419 -0.96684 0.89623 0.0017463 0.0011653 
1274  0.081616 -1.0512 0.90891 -0.0039412 0.0011450 
1275  0.092619 -0.99109 0.90380 -0.0011179 0.0011701 
1276  0.094419 -0.98187 0.90180 -0.0056442 0.0011459 
1277  0.097620 -0.96585 0.89561 -0.0024459 0.0011573 
1278  0.090418 -1.0026 0.90563 -0.0045514 0.0011508 
1279  0.092619 -0.99109 0.90380 -0.00044095 0.0011567 
1280  0.085417 -1.0297 0.90825 -0.0055826 0.0011497 
1281  0.089218 -1.0090 0.90647 -0.0073392 0.0011505 
1282  0.083817 -1.0387 0.90862 0.0029392 0.0011602 
1283  0.090218 -1.0036 0.90576 -0.0084844 0.0011518 
1284  0.089218 -1.0090 0.90647 0.0032205 0.0011627 
1285  0.084017 -1.0375 0.90858 -0.010115 0.0011334 
1286  0.10042 -0.95222 0.88671 0.0048179 0.0011868 
1287  0.093619 -0.98595 0.90276 0.00079133 0.0011608 
1288  0.087818 -1.0165 0.90731 -0.0013296 0.0011618 
1289  0.090018 -1.0047 0.90590 0.0038307 0.0011762 
1290  0.091018 -0.99943 0.90526 0.00036063 0.0011634 
1291  0.083017 -1.0432 0.90878 0.00060786 0.0011547 
1292  0.085017 -1.0319 0.90834 -0.0031822 0.0011528 
1293  0.098820 -0.95997 0.89233 -0.0050563 0.0011608 
1294  0.095819 -0.97480 0.89938 0.0010193 0.0011669 
1295  0.089418 -1.0079 0.90633 0.0017591 0.0011545 
1296  0.092619 -0.99109 0.90380 -0.0076446 0.0011475 
1297  0.098820 -0.95997 0.89233 0.0064203 0.0011935 
1298  0.085417 -1.0297 0.90825 0.0010429 0.0011481 
1299  0.091818 -0.99524 0.90451 -0.0079073 0.0011379 
1300  0.088218 -1.0143 0.90709 0.0027989 0.0011622 
1301  0.090618 -1.0015 0.90552 -0.0014203 0.0011694 
1302  0.090618 -1.0015 0.90552 0.0057810 0.0011756 
1303  0.094819 -0.97984 0.90133 0.0017392 0.0011724 
1304  0.087417 -1.0187 0.90751 0.0062465 0.0011701 
1305  0.088218 -1.0143 0.90709 0.0032702 0.0011910 
1306  0.095219 -0.97782 0.90065 0.0052734 0.0011720 
1307  0.088418 -1.0133 0.90696 0.0034307 0.0011727 
1308  0.085817 -1.0275 0.90812 -0.0028053 0.0011542 
1309  0.096419 -0.97180 0.89838 -0.0046869 0.0011522 
1310  0.098020 -0.96388 0.89488 0.0046081 0.0011753 
1311  0.091618 -0.99629 0.90465 -0.0035390 0.0011473 
1312  0.081616 -1.0512 0.90891 -0.0040946 0.0011452 
1313  0.091018 -0.99943 0.90526 0.0043554 0.0011718 
1314  0.089618 -1.0068 0.90619 0.00013507 0.0011652 
1315  0.089618 -1.0068 0.90619 -0.0044027 0.0011581 
1316  0.082016 -1.0489 0.90886 0.0020166 0.0011579 
1317  0.093619 -0.98595 0.90276 -0.0035082 0.0011540 
1318  0.090618 -1.0015 0.90552 0.0034213 0.0011846 
1319  0.096219 -0.97280 0.89863 0.021552 0.0012778 
1320  0.096819 -0.96981 0.89774 0.0026550 0.0011857 
1321  0.10202 -0.94458 0.88141 0.018711 0.0012141 
1322  0.086417 -1.0241 0.90792 0.0032443 0.0011699 
1323  0.090418 -1.0026 0.90563 0.0028866 0.0011550 
1324  0.092218 -0.99316 0.90416 -0.00027807 0.0011581 
1325  0.086817 -1.0220 0.90776 -0.0047036 0.0011532 
1326  0.093819 -0.98493 0.90243 -0.0036255 0.0011715 
1327  0.084817 -1.0330 0.90840 -0.0045081 0.0011413 
1328  0.089018 -1.0100 0.90658 -0.0094415 0.0011411 
1329  0.089418 -1.0079 0.90633 -0.0017658 0.0011553 
1330  0.094419 -0.98187 0.90180 0.0023871 0.0011786 
1331  0.097820 -0.96487 0.89526 0.0032452 0.0011763 
1332  0.088418 -1.0133 0.90696 -0.0048945 0.0011412 
1333  0.093819 -0.98493 0.90243 0.0012560 0.0011712 
1334  0.090618 -1.0015 0.90552 -0.0038680 0.0011518 
1335  0.097419 -0.96684 0.89623 -0.0075349 0.0011490 
1336  0.089018 -1.0100 0.90658 -0.00078287 0.0011524 
1337  0.084017 -1.0375 0.90858 0.0021296 0.0011513 
1338  0.090218 -1.0036 0.90576 -0.0049060 0.0011527 
1339  0.096219 -0.97280 0.89863 0.0028113 0.0011765 
1340  0.099020 -0.95899 0.89130 -0.0047146 0.0011542 
1341  0.088218 -1.0143 0.90709 -0.0023014 0.0011591 
1342  0.091418 -0.99733 0.90486 -0.0029961 0.0011602 
1343  0.090818 -1.0005 0.90540 -0.0022301 0.0011551 
1344  0.087217 -1.0198 0.90760 -0.0059319 0.0011427 
1345  0.096019 -0.97380 0.89909 -0.0011098 0.0011675 
1346  0.089218 -1.0090 0.90647 0.0021613 0.0011690 
1347  0.089618 -1.0068 0.90619 0.0012563 0.0011799 
1348  0.10082 -0.95030 0.88529 -0.0072199 0.0011554 
1349  0.091218 -0.99838 0.90506 -0.00060370 0.0011585 
1350  0.095019 -0.97883 0.90102 -0.00010231 0.0011735 
1351  0.092619 -0.99109 0.90380 -0.0033617 0.0011589 
1352  0.088418 -1.0133 0.90696 -0.0050267 0.0011488 
1353  0.082617 -1.0455 0.90880 -0.0052741 0.0011471 
1354  0.087417 -1.0187 0.90751 0.0047448 0.0011693 
1355  0.095419 -0.97681 0.90029 -0.0083458 0.0011477 
1356  0.093419 -0.98697 0.90293 0.0032364 0.0011828 
1357  0.093419 -0.98697 0.90293 -0.0046910 0.0011637 
1358  0.10122 -0.94839 0.88357 -0.0015609 0.0011675 
1359  0.087818 -1.0165 0.90731 0.00053115 0.0011657 
1360  0.090218 -1.0036 0.90576 0.0065807 0.0011657 
1361  0.086817 -1.0220 0.90776 -0.0046958 0.0011552 
1362  0.088618 -1.0122 0.90684 -0.0024612 0.0011452 
1363  0.089418 -1.0079 0.90633 0.00029461 0.0011541 
1364  0.096419 -0.97180 0.89838 -0.00025668 0.0011699 
1365  0.088418 -1.0133 0.90696 -0.0013022 0.0011631 
1366  0.086017 -1.0264 0.90804 -0.0089558 0.0011398 
1367  0.088818 -1.0111 0.90671 -0.0056074 0.0011579 
1368  0.088818 -1.0111 0.90671 -0.0032031 0.0011443 
1369  0.092619 -0.99109 0.90380 -0.0066676 0.0011504 
1370  0.092418 -0.99213 0.90400 0.0019593 0.0011652 
1371  0.087217 -1.0198 0.90760 -0.0022085 0.0011596 
1372  0.092619 -0.99109 0.90380 -0.0010292 0.0011492 
1373  0.088418 -1.0133 0.90696 -0.0037980 0.0011516 
1374  0.081216 -1.0536 0.90894 -0.0075829 0.0011401 
1375  0.10042 -0.95222 0.88671 0.0067331 0.0011634 
1376  0.091018 -0.99943 0.90526 0.0018376 0.0011632 
1377  0.089618 -1.0068 0.90619 0.00035245 0.0011673 
1378  0.098020 -0.96388 0.89488 -0.013523 0.0011497 
1379  0.094419 -0.98187 0.90180 -0.0079346 0.0011469 
1380  0.091818 -0.99524 0.90451 0.0049073 0.0011706 
1381  0.092819 -0.99006 0.90349 -0.0032962 0.0011566 
1382  0.098220 -0.96290 0.89439 0.0032690 0.0011702 
1383  0.091618 -0.99629 0.90465 -0.00089656 0.0011597 
1384  0.087818 -1.0165 0.90731 -0.0053509 0.0011520 
1385  0.092619 -0.99109 0.90380 0.00077857 0.0011568 
1386  0.093219 -0.98800 0.90313 -0.0047666 0.0011548 
1387  0.088618 -1.0122 0.90684 -0.0031963 0.0011561 
1388  0.086617 -1.0230 0.90785 -0.011127 0.0011311 
1389  0.089218 -1.0090 0.90647 -0.0056690 0.0011448 
1390  0.090018 -1.0047 0.90590 -0.0066576 0.0011567 
1391  0.092418 -0.99213 0.90400 -0.00088678 0.0011617 
1392  0.094019 -0.98390 0.90220 0.0061065 0.0011773 
1393  0.091418 -0.99733 0.90486 -0.012223 0.0011425 
1394  0.092819 -0.99006 0.90349 -0.0025004 0.0011534 
1395  0.092619 -0.99109 0.90380 -0.00096431 0.0011709 
1396  0.095219 -0.97782 0.90065 -0.0064712 0.0011589 
1397  0.084017 -1.0375 0.90858 0.00030507 0.0011602 
1398  0.089618 -1.0068 0.90619 -0.0035401 0.0011583 
1399  0.090818 -1.0005 0.90540 0.0024010 0.0011737 
1400  0.091418 -0.99733 0.90486 -0.00039274 0.0011614 
1401  0.084417 -1.0353 0.90846 -0.0030021 0.0011511 
1402  0.095019 -0.97883 0.90102 0.0019668 0.0011619 
1403  0.094019 -0.98390 0.90220 -0.0052647 0.0011511 
1404  0.095219 -0.97782 0.90065 -0.0050045 0.0011546 
1405  0.088218 -1.0143 0.90709 -0.0040470 0.0011496 
1406  0.088818 -1.0111 0.90671 0.0053681 0.0011868 
1407  0.085817 -1.0275 0.90812 -0.0018867 0.0011490 
1408  0.095019 -0.97883 0.90102 -0.0072957 0.0011438 
1409  0.088218 -1.0143 0.90709 -0.0043000 0.0011602 
1410  0.087417 -1.0187 0.90751 -0.00069949 0.0011609 
1411  0.096019 -0.97380 0.89909 -0.010652 0.0011533 
1412  0.12663 -0.83868 0.85995 0.10393 0.0018680 
1413  0.087417 -1.0187 0.90751 -0.0028573 0.0011513 
1414  0.088018 -1.0154 0.90722 -0.0059686 0.0011529 
1415  0.091018 -0.99943 0.90526 -0.0027833 0.0011620 
1416  0.089018 -1.0100 0.90658 0.0025611 0.0011566 
1417  0.090218 -1.0036 0.90576 0.0012313 0.0011662 
1418  0.082016 -1.0489 0.90886 -0.0016896 0.0011369 
1419  0.091218 -0.99838 0.90506 -0.00096993 0.0011724 
1420  0.090818 -1.0005 0.90540 0.00082161 0.0011669 
1421  0.087618 -1.0176 0.90740 0.0046179 0.0011626 
1422  0.086817 -1.0220 0.90776 -0.0031243 0.0011575 
1423  0.088618 -1.0122 0.90684 -0.0044125 0.0011575 
1424  0.095419 -0.97681 0.90029 -0.0090730 0.0011572 
1425  0.085817 -1.0275 0.90812 -0.0031449 0.0011501 
1426  0.084817 -1.0330 0.90840 -0.0059030 0.0011407 
1427  0.091618 -0.99629 0.90465 0.00055220 0.0011644 
1428  0.091018 -0.99943 0.90526 0.0046775 0.0011765 
1429  0.086017 -1.0264 0.90804 -0.0092744 0.0011542 
1430  0.088418 -1.0133 0.90696 -0.0055844 0.0011538 
1431  0.097219 -0.96783 0.89667 -0.00099920 0.0011639 
1432  0.090418 -1.0026 0.90563 -0.0019975 0.0011556 
1433  0.090218 -1.0036 0.90576 -0.0034608 0.0011637 
1434  0.091418 -0.99733 0.90486 -0.0076441 0.0011542 
1435  0.088818 -1.0111 0.90671 -0.0040749 0.0011547 
1436  0.091218 -0.99838 0.90506 -0.0041005 0.0011497 
1437  0.090418 -1.0026 0.90563 -0.0034439 0.0011588 
1438  0.093819 -0.98493 0.90243 -0.0030108 0.0011633 
1439  0.089618 -1.0068 0.90619 0.0051250 0.0011898 
1440  0.089018 -1.0100 0.90658 0.0020663 0.0011664 
1441  0.089418 -1.0079 0.90633 -0.0096132 0.0011407 
1442  0.085817 -1.0275 0.90812 -0.00085641 0.0011617 
1443  0.090618 -1.0015 0.90552 -0.0077243 0.0011409 
1444  0.12362 -0.85058 0.86257 0.085900 0.0017105 
1445  0.083617 -1.0398 0.90868 0.0018606 0.0011624 
1446  0.093619 -0.98595 0.90276 -0.00045280 0.0011577 
1447  0.092218 -0.99316 0.90416 -0.0032795 0.0011490 
1448  0.089818 -1.0058 0.90606 -0.0083401 0.0011530 
1449  0.086217 -1.0252 0.90798 -0.0056578 0.0011493 
1450  0.083817 -1.0387 0.90862 0.0010932 0.0011642 
1451  0.093819 -0.98493 0.90243 -0.0011499 0.0011686 
1452  0.092418 -0.99213 0.90400 0.0013687 0.0011700 
1453  0.081016 -1.0547 0.90896 -0.010080 0.0011367 
1454  0.091818 -0.99524 0.90451 -0.012009 0.0011482 
1455  0.085617 -1.0286 0.90819 -0.0041026 0.0011516 
1456  0.095019 -0.97883 0.90102 0.0037533 0.0011786 
1457  0.091818 -0.99524 0.90451 -0.0019783 0.0011555 
1458  0.089018 -1.0100 0.90658 0.0029384 0.0011714 
1459  0.085017 -1.0319 0.90834 -0.0033147 0.0011580 
1460  0.092619 -0.99109 0.90380 0.0020602 0.0011711 
1461  0.093019 -0.98903 0.90327 -0.0039825 0.0011661 
1462  0.089418 -1.0079 0.90633 -0.0012633 0.0011537 
1463  0.094419 -0.98187 0.90180 -0.0016041 0.0011587 
1464  0.089018 -1.0100 0.90658 0.0056145 0.0011737 
1465  0.086617 -1.0230 0.90785 -0.0024244 0.0011504 
1466  0.086617 -1.0230 0.90785 0.0027458 0.0011677 
1467  0.092619 -0.99109 0.90380 -0.0083776 0.0011451 
1468  0.091818 -0.99524 0.90451 0.00087575 0.0011656 
1469  0.094219 -0.98289 0.90201 -0.012122 0.0011303 
1470  0.093619 -0.98595 0.90276 -0.0041912 0.0011589 
1471  0.095219 -0.97782 0.90065 0.00037050 0.0011701 
1472  0.085217 -1.0308 0.90829 -0.0071861 0.0011493 
1473  0.093419 -0.98697 0.90293 0.00058621 0.0011690 
1474  0.098220 -0.96290 0.89439 0.0026656 0.0011732 
1475  0.088418 -1.0133 0.90696 0.0020615 0.0011625 
1476  0.092018 -0.99420 0.90432 0.0021076 0.0011616 
1477  0.094619 -0.98085 0.90152 -0.00090994 0.0011615 
1478  0.088418 -1.0133 0.90696 -0.0069361 0.0011400 
1479  0.096619 -0.97081 0.89800 0.00095347 0.0011655 
1480  0.085017 -1.0319 0.90834 0.0022083 0.0011630 
1481  0.092418 -0.99213 0.90400 0.0032975 0.0011643 
1482  0.091218 -0.99838 0.90506 -0.0051678 0.0011566 
1483  0.095819 -0.97480 0.89938 -0.0036800 0.0011543 
1484  0.094819 -0.97984 0.90133 0.013360 0.0012041 
1485  0.091418 -0.99733 0.90486 -0.0026228 0.0011601 
1486  0.086817 -1.0220 0.90776 -0.014530 0.0011483 
1487  0.093819 -0.98493 0.90243 -0.0025502 0.0011682 
1488  0.092619 -0.99109 0.90380 0.00087819 0.0011639 
1489  0.090818 -1.0005 0.90540 0.0017950 0.0011725 
1490  0.093219 -0.98800 0.90313 -0.0035062 0.0011564 
1491  0.095219 -0.97782 0.90065 0.0034774 0.0011672 
1492  0.088618 -1.0122 0.90684 0.00073348 0.0011615 
1493  0.093619 -0.98595 0.90276 0.0048215 0.0011781 
1494  0.086617 -1.0230 0.90785 -0.0054328 0.0011598 
1495  0.094019 -0.98390 0.90220 0.0054662 0.0011776 
1496  0.094619 -0.98085 0.90152 0.0045672 0.0011781 
1497  0.13423 -0.80956 0.85073 0.11767 0.0020299 
1498  0.092018 -0.99420 0.90432 -0.0073404 0.0011562 
1499  0.083417 -1.0409 0.90873 -0.0020111 0.0011456 
1500  0.084017 -1.0375 0.90858 -0.0047594 0.0011377 
1501  0.090018 -1.0047 0.90590 -0.0020212 0.0011553 
1502  0.091618 -0.99629 0.90465 0.00087570 0.0011548 
1503  0.089818 -1.0058 0.90606 -0.0073016 0.0011436 
1504  0.091218 -0.99838 0.90506 0.0028847 0.0011631 
1505  0.093019 -0.98903 0.90327 -0.012710 0.0011420 
1506  0.092819 -0.99006 0.90349 -0.0015743 0.0011632 
1507  0.089418 -1.0079 0.90633 -0.0076512 0.0011537 
1508  0.098820 -0.95997 0.89233 0.0033796 0.0011906 
1509  0.090018 -1.0047 0.90590 -0.0033228 0.0011631 
1510  0.085617 -1.0286 0.90819 0.00058821 0.0011651 
1511  0.093619 -0.98595 0.90276 -0.0091424 0.0011395 
1512  0.086017 -1.0264 0.90804 8.9709e-05 0.0011475 
1513  0.089818 -1.0058 0.90606 -0.0011594 0.0011643 
1514  0.091418 -0.99733 0.90486 -0.0052007 0.0011617 
1515  0.084017 -1.0375 0.90858 0.0078743 0.0011695 
1516  0.099620 -0.95608 0.88940 -0.0025966 0.0011660 
1517  0.091818 -0.99524 0.90451 -0.0043397 0.0011507 
1518  0.087217 -1.0198 0.90760 0.00044124 0.0011531 
1519  0.089618 -1.0068 0.90619 0.0029628 0.0011587 
1520  0.092819 -0.99006 0.90349 -0.0010216 0.0011774 
1521  0.093219 -0.98800 0.90313 -0.0012239 0.0011586 
1522  0.091618 -0.99629 0.90465 0.0047054 0.0011681 
1523  0.093219 -0.98800 0.90313 0.0076337 0.0011771 
1524  0.091818 -0.99524 0.90451 -0.0064771 0.0011560 
1525  0.092619 -0.99109 0.90380 0.00084837 0.0011718 
1526  0.092018 -0.99420 0.90432 -0.00013456 0.0011701 
1527  0.090818 -1.0005 0.90540 0.0019674 0.0011664 
1528  0.092418 -0.99213 0.90400 0.00098992 0.0011691 
1529  0.089418 -1.0079 0.90633 -0.0034909 0.0011536 
1530  0.092619 -0.99109 0.90380 -0.0069810 0.0011467 
1531  0.087217 -1.0198 0.90760 -0.0065146 0.0011324 
1532  0.087017 -1.0209 0.90767 -0.0047610 0.0011568 
1533  0.089618 -1.0068 0.90619 -0.0036528 0.0011469 
1534  0.097419 -0.96684 0.89623 0.00094222 0.0011686 
1535  0.084617 -1.0341 0.90844 -0.0011487 0.0011529 
1536  0.095619 -0.97581 0.89988 0.0016981 0.0011687 
1537  0.095019 -0.97883 0.90102 -0.0083287 0.0011550 
1538  0.086817 -1.0220 0.90776 0.0054793 0.0011698 
1539  0.097419 -0.96684 0.89623 -0.0031050 0.0011615 
1540  0.089818 -1.0058 0.90606 -0.0035956 0.0011582 
1541  0.095419 -0.97681 0.90029 -0.0022883 0.0011558 
1542  0.097419 -0.96684 0.89623 0.0063267 0.0011889 
1543  0.088418 -1.0133 0.90696 -0.0016892 0.0011521 
1544  0.089618 -1.0068 0.90619 -0.0019838 0.0011484 
1545  0.085417 -1.0297 0.90825 -0.0066196 0.0011577 
1546  0.091418 -0.99733 0.90486 -0.0010019 0.0011587 
1547  0.089618 -1.0068 0.90619 -0.0011425 0.0011593 
1548  0.086217 -1.0252 0.90798 -0.0053196 0.0011517 
1549  0.086417 -1.0241 0.90792 -0.010075 0.0011408 
1550  0.094219 -0.98289 0.90201 0.0027996 0.0011755 
1551  0.088418 -1.0133 0.90696 -0.0022309 0.0011599 
1552  0.090418 -1.0026 0.90563 -0.0019340 0.0011563 
1553  0.084217 -1.0364 0.90852 -0.0070248 0.0011484 
1554  0.087017 -1.0209 0.90767 -0.0042911 0.0011546 
1555  0.088818 -1.0111 0.90671 0.0061492 0.0011703 
1556  0.092018 -0.99420 0.90432 0.00072584 0.0011650 
1557  0.088618 -1.0122 0.90684 -0.00064260 0.0011466 
1558  0.090018 -1.0047 0.90590 0.0037592 0.0011636 
1559  0.096019 -0.97380 0.89909 0.0076833 0.0011887 
1560  0.090418 -1.0026 0.90563 -0.0011094 0.0011634 
1561  0.089218 -1.0090 0.90647 -0.0048065 0.0011547 
1562  0.088018 -1.0154 0.90722 -0.0015623 0.0011565 
1563  0.086417 -1.0241 0.90792 0.0038476 0.0011723 
1564  0.091218 -0.99838 0.90506 0.0019279 0.0011648 
1565  0.092819 -0.99006 0.90349 -0.0010835 0.0011545 
1566  0.089818 -1.0058 0.90606 -0.0052679 0.0011533 
1567  0.095619 -0.97581 0.89988 0.0015480 0.0011639 
1568  0.092619 -0.99109 0.90380 0.00054393 0.0011604 
1569  0.089818 -1.0058 0.90606 -0.0020200 0.0011520 
1570  0.087818 -1.0165 0.90731 -0.0026938 0.0011556 
1571  0.10002 -0.95415 0.88792 -0.0068262 0.0011573 
1572  0.088818 -1.0111 0.90671 -0.0046599 0.0011474 
1573  0.093419 -0.98697 0.90293 -0.0048579 0.0011614 
1574  0.083217 -1.0421 0.90874 -0.0053865 0.0011469 
1575  0.091218 -0.99838 0.90506 0.0030579 0.0011673 
1576  0.089418 -1.0079 0.90633 0.0025627 0.0011812 
1577  0.093619 -0.98595 0.90276 0.031186 0.0012701 
1578  0.093019 -0.98903 0.90327 0.0095142 0.0011890 
1579  0.093819 -0.98493 0.90243 -0.0019977 0.0011539 
1580  0.090218 -1.0036 0.90576 0.0059269 0.0011769 
1581  0.089218 -1.0090 0.90647 -0.00084299 0.0011695 
1582  0.091418 -0.99733 0.90486 -0.0025115 0.0011600 
1583  0.089418 -1.0079 0.90633 -0.0031115 0.0011481 
1584  0.091818 -0.99524 0.90451 0.0022481 0.0011725 
1585  0.087217 -1.0198 0.90760 -0.0047307 0.0011490 
1586  0.093619 -0.98595 0.90276 0.0048645 0.0011824 
1587  0.088418 -1.0133 0.90696 -0.0025320 0.0011545 
1588  0.091018 -0.99943 0.90526 -0.0081023 0.0011407 
1589  0.090618 -1.0015 0.90552 0.0024761 0.0011694 
1590  0.084217 -1.0364 0.90852 -0.0014940 0.0011556 
1591  0.084817 -1.0330 0.90840 -0.011596 0.0011317 
1592  0.087217 -1.0198 0.90760 0.0076970 0.0011706 
1593  0.089418 -1.0079 0.90633 -0.0073752 0.0011483 
1594  0.093619 -0.98595 0.90276 -0.0025464 0.0011713 
1595  0.097019 -0.96882 0.89724 -0.0079262 0.0011504 
1596  0.091818 -0.99524 0.90451 -0.0011107 0.0011636 
1597  0.087818 -1.0165 0.90731 0.0033626 0.0011740 
1598  0.088418 -1.0133 0.90696 -0.0025817 0.0011529 
1599  0.087618 -1.0176 0.90740 -0.0052796 0.0011473 
1600  0.090018 -1.0047 0.90590 -0.0035373 0.0011454 
1601  0.086817 -1.0220 0.90776 0.00026394 0.0011519 
1602  0.091018 -0.99943 0.90526 0.0015216 0.0011567 
1603  0.092819 -0.99006 0.90349 -0.0012982 0.0011613 
1604  0.092819 -0.99006 0.90349 -0.0034591 0.0011489 
1605  0.090018 -1.0047 0.90590 -0.0052543 0.0011480 
1606  0.087017 -1.0209 0.90767 -0.00022489 0.0011622 
1607  0.095219 -0.97782 0.90065 -0.00022608 0.0011601 
1608  0.092218 -0.99316 0.90416 -0.0064338 0.0011510 
1609  0.096419 -0.97180 0.89838 -0.0041935 0.0011479 
1610  0.096419 -0.97180 0.89838 -0.0025295 0.0011582 
1611  0.091018 -0.99943 0.90526 0.0053602 0.0011751 
1612  0.088818 -1.0111 0.90671 -0.0042325 0.0011451 
1613  0.089618 -1.0068 0.90619 -0.0045006 0.0011526 
1614  0.093619 -0.98595 0.90276 0.010591 0.0011800 
1615  0.090018 -1.0047 0.90590 -0.0074688 0.0011454 
1616  0.090218 -1.0036 0.90576 0.0061726 0.0011868 
1617  0.086417 -1.0241 0.90792 -0.0064657 0.0011479 
1618  0.089818 -1.0058 0.90606 -0.0040312 0.0011652 
1619  0.095219 -0.97782 0.90065 -0.0018072 0.0011522 
1620  0.087618 -1.0176 0.90740 0.0015789 0.0011592 
1621  0.087417 -1.0187 0.90751 -0.00013084 0.0011563 
1622  0.086217 -1.0252 0.90798 -0.00032851 0.0011715 
1623  0.092619 -0.99109 0.90380 0.0042254 0.0011656 
1624  0.082817 -1.0443 0.90879 8.5665e-06 0.0011580 
1625  0.095419 -0.97681 0.90029 -0.00018136 0.0011787 
1626  0.091618 -0.99629 0.90465 -0.0030739 0.0011540 
1627  0.088218 -1.0143 0.90709 0.0028494 0.0011704 
1628  0.089018 -1.0100 0.90658 -0.0052741 0.0011512 
1629  0.095419 -0.97681 0.90029 -0.012684 0.0011508 
1630  0.089218 -1.0090 0.90647 -0.0072357 0.0011523 
1631  0.093619 -0.98595 0.90276 -0.0041396 0.0011621 
1632  0.097019 -0.96882 0.89724 -0.0084899 0.0011562 
1633  0.083817 -1.0387 0.90862 0.00096281 0.0011568 
1634  0.086417 -1.0241 0.90792 -0.010729 0.0011375 
1635  0.091618 -0.99629 0.90465 -0.0049512 0.0011608 
1636  0.085417 -1.0297 0.90825 0.0023225 0.0011577 
1637  0.088418 -1.0133 0.90696 0.0013549 0.0011621 
1638  0.087217 -1.0198 0.90760 -0.0026616 0.0011543 
1639  0.088018 -1.0154 0.90722 -0.0057756 0.0011618 
1640  0.095219 -0.97782 0.90065 -0.0067119 0.0011554 
1641  0.086017 -1.0264 0.90804 -0.0024431 0.0011586 
1642  0.086017 -1.0264 0.90804 -0.0046726 0.0011552 
1643  0.098220 -0.96290 0.89439 0.0047843 0.0011799 
1644  0.090818 -1.0005 0.90540 0.0025286 0.0011743 
1645  0.090818 -1.0005 0.90540 -0.0032870 0.0011523 
1646  0.091418 -0.99733 0.90486 0.0034210 0.0011708 
1647  0.088018 -1.0154 0.90722 -0.0013898 0.0011711 
1648  0.091818 -0.99524 0.90451 0.00096108 0.0011533 
1649  0.089418 -1.0079 0.90633 -0.0051146 0.0011578 
1650  0.094019 -0.98390 0.90220 -0.0042894 0.0011503 
1651  0.084617 -1.0341 0.90844 -0.0040974 0.0011469 
1652  0.095819 -0.97480 0.89938 0.0027557 0.0011715 
1653  0.097419 -0.96684 0.89623 0.0070385 0.0011893 
1654  0.086417 -1.0241 0.90792 -0.0029518 0.0011588 
1655  0.093019 -0.98903 0.90327 -0.0019238 0.0011622 
1656  0.081816 -1.0501 0.90890 -0.0032103 0.0011471 
1657  0.092819 -0.99006 0.90349 0.0037108 0.0011600 
1658  0.083417 -1.0409 0.90873 -0.0093018 0.0011425 
1659  0.085417 -1.0297 0.90825 0.0078152 0.0011713 
1660  0.088818 -1.0111 0.90671 -0.0013989 0.0011495 
1661  0.097219 -0.96783 0.89667 0.0066143 0.0011802 
1662  0.092018 -0.99420 0.90432 -0.0029737 0.0011543 
1663  0.091818 -0.99524 0.90451 -0.0063195 0.0011493 
1664  0.089818 -1.0058 0.90606 -0.0053535 0.0011460 
1665  0.086617 -1.0230 0.90785 -0.0038513 0.0011572 
1666  0.096019 -0.97380 0.89909 -0.0055666 0.0011632 
1667  0.088018 -1.0154 0.90722 0.0025687 0.0011758 
1668  0.087217 -1.0198 0.90760 0.0066430 0.0011771 
1669  0.083417 -1.0409 0.90873 0.0026580 0.0011517 
1670  0.095819 -0.97480 0.89938 -0.0049968 0.0011474 
1671  0.088218 -1.0143 0.90709 0.00055546 0.0011731 
1672  0.084817 -1.0330 0.90840 -0.0052380 0.0011669 
1673  0.087618 -1.0176 0.90740 -0.0045127 0.0011508 
1674  0.093819 -0.98493 0.90243 -0.00087396 0.0011698 
1675  0.086017 -1.0264 0.90804 -0.0022237 0.0011715 
1676  0.091418 -0.99733 0.90486 -0.0071291 0.0011469 
1677  0.091218 -0.99838 0.90506 -0.00084758 0.0011613 
1678  0.084217 -1.0364 0.90852 -0.0018904 0.0011569 
1679  0.091218 -0.99838 0.90506 -0.010335 0.0011424 
1680  0.093619 -0.98595 0.90276 -0.0040616 0.0011536 
1681  0.091418 -0.99733 0.90486 -9.4519e-05 0.0011535 
1682  0.089218 -1.0090 0.90647 0.00056359 0.0011605 
1683  0.087818 -1.0165 0.90731 -0.0092341 0.0011459 
1684  0.083617 -1.0398 0.90868 -0.0062733 0.0011398 
1685  0.089618 -1.0068 0.90619 -0.0092685 0.0011394 
1686  0.087417 -1.0187 0.90751 -0.00029604 0.0011487 
1687  0.087217 -1.0198 0.90760 -0.0040048 0.0011624 
1688  0.094619 -0.98085 0.90152 -0.00016730 0.0011793 
1689  0.086417 -1.0241 0.90792 0.0035119 0.0011675 
1690  0.093619 -0.98595 0.90276 -0.0045976 0.0011519 
1691  0.090218 -1.0036 0.90576 0.0022206 0.0011715 
1692  0.088218 -1.0143 0.90709 -0.00024626 0.0011593 
1693  0.089418 -1.0079 0.90633 -0.0037405 0.0011518 
1694  0.095419 -0.97681 0.90029 0.019651 0.0012352 
1695  0.096819 -0.96981 0.89774 -0.0043741 0.0011552 
1696  0.094419 -0.98187 0.90180 0.00084457 0.0011596 
1697  0.087217 -1.0198 0.90760 -0.0027249 0.0011474 
1698  0.093619 -0.98595 0.90276 -0.0039969 0.0011596 
1699  0.084017 -1.0375 0.90858 -0.0036551 0.0011539 
1700  0.093619 -0.98595 0.90276 -0.0020094 0.0011641 
1701  0.087417 -1.0187 0.90751 -0.0013916 0.0011568 
1702  0.084817 -1.0330 0.90840 0.0032786 0.0011773 
1703  0.084817 -1.0330 0.90840 -0.0026955 0.0011502 
1704  0.087818 -1.0165 0.90731 -0.0068420 0.0011478 
1705  0.084217 -1.0364 0.90852 -0.0055533 0.0011460 
1706  0.087818 -1.0165 0.90731 0.0017615 0.0011585 
1707  0.088418 -1.0133 0.90696 -0.0010729 0.0011609 
1708  0.083217 -1.0421 0.90874 -0.0017682 0.0011491 
1709  0.088418 -1.0133 0.90696 -0.0040609 0.0011485 
1710  0.088218 -1.0143 0.90709 -0.0076175 0.0011474 
1711  0.096019 -0.97380 0.89909 0.00040667 0.0011708 
1712  0.092018 -0.99420 0.90432 -0.0062976 0.0011429 
1713  0.095619 -0.97581 0.89988 0.0024772 0.0011530 
1714  0.081816 -1.0501 0.90890 -0.00096834 0.0011599 
1715  0.092619 -0.99109 0.90380 0.00088067 0.0011553 
1716  0.088018 -1.0154 0.90722 -0.00081241 0.0011488 
1717  0.090018 -1.0047 0.90590 -0.0083634 0.0011519 
1718  0.093619 -0.98595 0.90276 -0.0016135 0.0011569 
1719  0.090818 -1.0005 0.90540 -0.00099670 0.0011606 
1720  0.091418 -0.99733 0.90486 0.0043322 0.0011636 
1721  0.093419 -0.98697 0.90293 0.0073011 0.0011965 
1722  0.085817 -1.0275 0.90812 -0.00070145 0.0011594 
1723  0.086817 -1.0220 0.90776 -0.00014685 0.0011572 
1724  0.087818 -1.0165 0.90731 -0.0012321 0.0011705 
1725  0.085817 -1.0275 0.90812 -0.00092379 0.0011562 
1726  0.089818 -1.0058 0.90606 -0.0045762 0.0011697 
1727  0.087618 -1.0176 0.90740 0.0019671 0.0011562 
1728  0.085817 -1.0275 0.90812 0.0014651 0.0011687 
1729  0.099820 -0.95511 0.88870 0.0022911 0.0011851 
1730  0.091018 -0.99943 0.90526 -0.00019888 0.0011706 
1731  0.090818 -1.0005 0.90540 -0.0016952 0.0011580 
1732  0.095619 -0.97581 0.89988 0.0027882 0.0011711 
1733  0.093819 -0.98493 0.90243 -0.0019858 0.0011533 
1734  0.089418 -1.0079 0.90633 -0.0029417 0.0011514 
1735  0.091018 -0.99943 0.90526 -0.0076674 0.0011467 
1736  0.084817 -1.0330 0.90840 0.0040461 0.0011715 
1737  0.092418 -0.99213 0.90400 0.0038391 0.0011570 
1738  0.086617 -1.0230 0.90785 -0.010853 0.0011335 
1739  0.091618 -0.99629 0.90465 -0.00020269 0.0011694 
1740  0.088618 -1.0122 0.90684 0.0032615 0.0011728 
1741  0.086617 -1.0230 0.90785 -0.0010235 0.0011536 
1742  0.085217 -1.0308 0.90829 0.011685 0.0011820 
1743  0.087417 -1.0187 0.90751 0.00013852 0.0011589 
1744  0.094619 -0.98085 0.90152 -0.011947 0.0011421 
1745  0.092018 -0.99420 0.90432 -0.00081809 0.0011673 
1746  0.090418 -1.0026 0.90563 0.0021661 0.0011607 
1747  0.087417 -1.0187 0.90751 0.0010039 0.0011644 
1748  0.087818 -1.0165 0.90731 -0.00015251 0.0011550 
1749  0.090418 -1.0026 0.90563 -0.0025711 0.0011599 
1750  0.091818 -0.99524 0.90451 -7.7576e-05 0.0011583 
1751  0.092218 -0.99316 0.90416 0.00039583 0.0011716 
1752  0.094819 -0.97984 0.90133 -0.011972 0.0011490 
1753  0.094419 -0.98187 0.90180 -0.00064818 0.0011639 
1754  0.094619 -0.98085 0.90152 0.0027378 0.0011642 
1755  0.082416 -1.0466 0.90883 0.0058934 0.0011681 
1756  0.094419 -0.98187 0.90180 0.0026869 0.0011763 
1757  0.086817 -1.0220 0.90776 -0.0071595 0.0011452 
1758  0.095619 -0.97581 0.89988 0.0045463 0.0011834 
1759  0.096619 -0.97081 0.89800 -0.0064810 0.0011486 
1760  0.091818 -0.99524 0.90451 -0.0061333 0.0011523 
1761  0.091218 -0.99838 0.90506 -0.0064727 0.0011621 
1762  0.091018 -0.99943 0.90526 -0.0029026 0.0011583 
1763  0.093219 -0.98800 0.90313 -0.0061900 0.0011420 
1764  0.090618 -1.0015 0.90552 0.0025733 0.0011773 
1765  0.087217 -1.0198 0.90760 -0.011291 0.0011351 
1766  0.094219 -0.98289 0.90201 -0.00078970 0.0011572 
1767  0.093019 -0.98903 0.90327 -0.0078331 0.0011578 
1768  0.093419 -0.98697 0.90293 -0.0043442 0.0011671 
1769  0.095419 -0.97681 0.90029 -0.0013237 0.0011601 
1770  0.089218 -1.0090 0.90647 0.00053715 0.0011720 
1771  0.084017 -1.0375 0.90858 -0.0064741 0.0011560 
1772  0.088818 -1.0111 0.90671 0.0092301 0.0011772 
1773  0.090818 -1.0005 0.90540 -0.0050154 0.0011508 
1774  0.091418 -0.99733 0.90486 -0.0028231 0.0011601 
1775  0.090818 -1.0005 0.90540 -0.0044011 0.0011485 
1776  0.095219 -0.97782 0.90065 0.00037524 0.0011598 
1777  0.089818 -1.0058 0.90606 -0.00081717 0.0011544 
1778  0.090018 -1.0047 0.90590 -0.00091900 0.0011622 
1779  0.098620 -0.96094 0.89296 0.00054855 0.0011703 
1780  0.092619 -0.99109 0.90380 -0.0039774 0.0011594 
1781  0.092619 -0.99109 0.90380 -0.00020743 0.0011552 
1782  0.089218 -1.0090 0.90647 -0.00019311 0.0011592 
1783  0.090018 -1.0047 0.90590 0.010722 0.0011840 
1784  0.085817 -1.0275 0.90812 -0.00026380 0.0011503 
1785  0.097419 -0.96684 0.89623 -0.0065049 0.0011430 
1786  0.093419 -0.98697 0.90293 -0.00055323 0.0011705 
1787  0.092619 -0.99109 0.90380 0.0036683 0.0011722 
1788  0.089618 -1.0068 0.90619 -0.0047854 0.0011563 
1789  0.087618 -1.0176 0.90740 -0.0032021 0.0011468 
1790  0.081216 -1.0536 0.90894 -0.0066610 0.0011494 
1791  0.085417 -1.0297 0.90825 -0.0072388 0.0011550 
1792  0.090618 -1.0015 0.90552 0.0020250 0.0011575 
1793  0.089618 -1.0068 0.90619 -0.00089634 0.0011657 
1794  0.078816 -1.0677 0.90904 -0.0096782 0.0011333 
1795  0.093619 -0.98595 0.90276 0.0047340 0.0011688 
1796  0.090018 -1.0047 0.90590 0.00058543 0.0011706 
1797  0.094619 -0.98085 0.90152 -0.0013227 0.0011708 
1798  0.090018 -1.0047 0.90590 -0.0017971 0.0011678 
1799  0.084217 -1.0364 0.90852 -0.0054727 0.0011608 
1800  0.088818 -1.0111 0.90671 0.0023638 0.0011696 
1801  0.091618 -0.99629 0.90465 -0.0044240 0.0011519 
1802  0.086617 -1.0230 0.90785 -0.0020762 0.0011528 
1803  0.098020 -0.96388 0.89488 -0.010205 0.0011444 
1804  0.089818 -1.0058 0.90606 -0.0040956 0.0011475 
1805  0.089418 -1.0079 0.90633 -0.0040267 0.0011455 
1806  0.090818 -1.0005 0.90540 0.0045782 0.0011568 
1807  0.087017 -1.0209 0.90767 -0.0041972 0.0011497 
1808  0.084017 -1.0375 0.90858 -0.00078140 0.0011464 
1809  0.089618 -1.0068 0.90619 -0.0065093 0.0011545 
1810  0.092018 -0.99420 0.90432 0.0061603 0.0011657 
1811  0.095019 -0.97883 0.90102 -0.0033789 0.0011652 
1812  0.088018 -1.0154 0.90722 0.0035978 0.0011631 
1813  0.088818 -1.0111 0.90671 -0.00039241 0.0011598 
1814  0.091018 -0.99943 0.90526 -0.0050201 0.0011493 
1815  0.091218 -0.99838 0.90506 0.0049067 0.0011759 
1816  0.086817 -1.0220 0.90776 -0.0017178 0.0011535 
1817  0.095619 -0.97581 0.89988 -0.0074930 0.0011501 
1818  0.080816 -1.0559 0.90897 -0.0036764 0.0011412 
1819  0.089018 -1.0100 0.90658 0.0032813 0.0011696 
1820  0.089218 -1.0090 0.90647 0.0064124 0.0011737 
